1609226524.450708 0.0000000 0.0000000 0.0000000 0.0000000 0.0000000 0.0000000 1.0000000
1609226525.151416 0.0059967 0.0018441 0.0328033 0.0139380 -0.0194196 -0.0052046 0.9997007
1609226525.252279 0.0062797 0.0022066 0.0374771 0.0151842 -0.0167009 -0.0060454 0.9997270
1609226525.349712 0.0065559 0.0026640 0.0421386 0.0178985 -0.0109575 -0.0052132 0.9997662
1609226525.549038 0.0070225 0.0024506 0.0501968 0.0170639 -0.0198141 -0.0023155 0.9996554
1609226525.852158 0.0098843 0.0018383 0.0649866 0.0279226 -0.0125524 0.0065743 0.9995096
1609226525.949870 0.0115642 0.0013404 0.0703840 0.0297497 -0.0210801 0.0109284 0.9992753
1609226526.250774 0.0164442 0.0014959 0.0865348 0.0120007 -0.0154837 0.0118656 0.9997377
1609226526.350413 0.0177614 0.0025831 0.0917603 -0.0018874 -0.0102815 0.0009892 0.9999449
1609226526.548007 0.0192849 0.0031758 0.1023325 0.0025682 0.0021530 -0.0177733 0.9998364
1609226526.650627 0.0200732 0.0025140 0.1077460 0.0037760 0.0039871 -0.0247232 0.9996793
1609226527.048291 0.0259445 0.0015226 0.1302452 -0.0151405 -0.0078053 -0.0244905 0.9995549
1609226527.150359 0.0281529 0.0015843 0.1361763 -0.0140789 -0.0127166 -0.0217527 0.9995834
1609226527.251660 0.0300060 0.0019685 0.1421233 -0.0096539 -0.0143873 -0.0200280 0.9996493
1609226527.549546 0.0341024 0.0048313 0.1616084 -0.0090408 -0.0157251 -0.0183266 0.9996675
1609226527.650646 0.0348984 0.0058050 0.1687333 -0.0033520 -0.0152766 -0.0203931 0.9996697
1609226527.850103 0.0360918 0.0073857 0.1821350 -0.0081689 -0.0206166 -0.0201072 0.9995519
1609226528.049288 0.0381535 0.0089048 0.1958543 0.0005355 -0.0223649 -0.0148345 0.9996397
1609226528.251586 0.0410710 0.0116232 0.2098476 -0.0000861 -0.0298589 -0.0221403 0.9993089
1609226528.449603 0.0442791 0.0143471 0.2237797 -0.0163427 -0.0375469 -0.0319763 0.9986494
1609226528.849486 0.0481228 0.0208374 0.2504351 -0.0508403 -0.0532936 -0.0299217 0.9968349
1609226529.051373 0.0499249 0.0238779 0.2644338 -0.0779933 -0.0544678 -0.0230743 0.9951974
1609226529.149457 0.0511846 0.0255926 0.2714329 -0.0811842 -0.0509885 -0.0219920 0.9951510
1609226529.253086 0.0525912 0.0276118 0.2783045 -0.0877905 -0.0513123 -0.0184493 0.9946454
1609226529.450515 0.0559635 0.0320300 0.2918409 -0.1114070 -0.0614191 -0.0180852 0.9917102
1609226529.551813 0.0577345 0.0335312 0.2989564 -0.1064786 -0.0595541 -0.0233239 0.9922558
1609226529.750733 0.0607224 0.0365769 0.3124939 -0.1228652 -0.0522810 -0.0357704 0.9903995
1609226529.950579 0.0620780 0.0398184 0.3256989 -0.1260646 -0.0642512 -0.0246996 0.9896309
1609226530.151976 0.0632563 0.0428499 0.3397383 -0.1323574 -0.0615388 -0.0176341 0.9891327
1609226530.350640 0.0647609 0.0455170 0.3543074 -0.1242551 -0.0553344 -0.0014527 0.9907051
1609226530.550575 0.0671466 0.0490503 0.3688268 -0.1178600 -0.0562632 0.0033903 0.9914293
1609226530.751435 0.0698392 0.0526060 0.3840446 -0.1202520 -0.0599087 0.0063616 0.9909137
1609226531.052995 0.0726367 0.0576214 0.4063564 -0.1149339 -0.0571698 0.0076189 0.9916974
1609226531.251757 0.0740213 0.0614565 0.4215114 -0.1068228 -0.0487630 0.0044558 0.9930716
1609226531.452817 0.0747755 0.0646950 0.4367255 -0.1195594 -0.0624686 0.0326453 0.9903219
1609226531.652868 0.0758168 0.0682253 0.4522062 -0.1159472 -0.0761608 0.0436725 0.9893677
1609226531.854133 0.0769123 0.0720202 0.4680346 -0.1253248 -0.1038478 0.0339369 0.9860820
1609226532.054600 0.0769338 0.0755167 0.4833724 -0.1422293 -0.1247359 0.0364819 0.9812649
1609226532.251873 0.0757690 0.0791613 0.4987818 -0.1414597 -0.1470818 0.0366797 0.9782692
1609226532.455809 0.0740761 0.0826528 0.5145549 -0.1515130 -0.1760496 0.0429864 0.9717008
1609226532.654826 0.0725963 0.0860384 0.5300719 -0.1607823 -0.1946340 0.0490092 0.9663668
1609226532.854809 0.0705623 0.0898769 0.5453343 -0.1656271 -0.2319541 0.0546979 0.9569603
1609226533.053395 0.0680940 0.0935209 0.5606741 -0.1729608 -0.2599565 0.0564696 0.9483240
1609226533.254298 0.0643146 0.0967099 0.5749025 -0.1762181 -0.2912258 0.0651026 0.9380279
1609226533.554225 0.0575585 0.1012315 0.5972271 -0.1733809 -0.3258070 0.0769078 0.9262149
1609226533.854165 0.0506335 0.1050060 0.6191767 -0.1712106 -0.3546921 0.0871431 0.9150336
1609226534.154522 0.0438710 0.1087151 0.6414529 -0.1707203 -0.3709921 0.0946897 0.9078839
1609226534.454437 0.0368405 0.1119558 0.6623266 -0.1587293 -0.3739810 0.1156777 0.9064005
1609226534.753589 0.0298279 0.1156407 0.6834980 -0.1597162 -0.3696193 0.1302173 0.9060440
1609226534.954749 0.0254242 0.1182854 0.6982918 -0.1566395 -0.3571668 0.1363213 0.9106659
1609226535.253968 0.0186555 0.1217360 0.7211570 -0.1554381 -0.3376127 0.1342091 0.9186102
1609226535.554619 0.0100900 0.1256842 0.7442722 -0.1378191 -0.3115798 0.1461831 0.9287381
1609226535.853753 0.0020392 0.1291384 0.7674668 -0.1455803 -0.2715805 0.1597916 0.9378257
1609226536.054515 -0.0020694 0.1311677 0.7837329 -0.1272324 -0.2416205 0.1484309 0.9504734
1609226536.354413 -0.0082603 0.1334510 0.8097758 -0.1205612 -0.1983629 0.1577238 0.9598126
1609226536.555534 -0.0120201 0.1362082 0.8283085 -0.0983767 -0.1652039 0.1432023 0.9708362
1609226536.853418 -0.0160220 0.1387004 0.8563107 -0.0918719 -0.1142706 0.1684472 0.9747447
1609226537.154158 -0.0167082 0.1425546 0.8850340 -0.0770156 -0.0810622 0.1600339 0.9807582
1609226537.454529 -0.0163207 0.1450278 0.9140131 -0.0506128 -0.0358309 0.1525825 0.9863433
1609226537.754510 -0.0166092 0.1474544 0.9412616 -0.0492608 -0.0169424 0.1603086 0.9856914
1609226538.054849 -0.0166957 0.1512229 0.9666606 -0.0513408 -0.0142875 0.1395145 0.9887850
1609226538.353586 -0.0168753 0.1540792 0.9918891 -0.0515078 -0.0097507 0.1280693 0.9903788
1609226538.654772 -0.0172369 0.1559511 1.0163435 -0.0388784 0.0062600 0.1304616 0.9906710
1609226538.953819 -0.0154712 0.1579769 1.0401510 -0.0288066 0.0256467 0.1295074 0.9908281
1609226539.354061 -0.0112866 0.1614593 1.0703273 -0.0282578 0.0370468 0.1037918 0.9935071
1609226539.654488 -0.0082633 0.1635263 1.0917511 -0.0123445 0.0592879 0.0819448 0.9947953
1609226540.155320 -0.0004166 0.1668963 1.1282630 -0.0006907 0.0774610 0.0389636 0.9962335
1609226540.455114 0.0062608 0.1689936 1.1502476 0.0028371 0.0973438 0.0202154 0.9950414
1609226540.753242 0.0132503 0.1708931 1.1727800 0.0098324 0.1253859 0.0063063 0.9920393
1609226541.055475 0.0214025 0.1721550 1.1949580 0.0301839 0.1420471 -0.0153564 0.9892804
1609226541.355402 0.0300127 0.1736175 1.2164541 0.0241736 0.1566629 -0.0359395 0.9867020
1609226541.655653 0.0369653 0.1757510 1.2382547 0.0320606 0.1737245 -0.0540002 0.9827899
1609226541.953056 0.0431451 0.1759781 1.2596865 0.0326857 0.1952498 -0.0833622 0.9766575
1609226542.256057 0.0500774 0.1767022 1.2813008 0.0362450 0.2122975 -0.1221861 0.9688584
1609226542.554590 0.0559232 0.1770203 1.3037077 0.0386817 0.2236782 -0.1485611 0.9624975
1609226542.954885 0.0609199 0.1777403 1.3345225 0.0574384 0.2244875 -0.1573314 0.9599755
1609226543.255350 0.0659247 0.1781827 1.3586221 0.0652431 0.2117950 -0.1775851 0.9588273
1609226543.556609 0.0707647 0.1805669 1.3845108 0.0582135 0.1970483 -0.1935548 0.9593329
1609226543.856177 0.0730032 0.1840200 1.4107059 0.0615142 0.1819311 -0.1898179 0.9628532
1609226544.056931 0.0760582 0.1856328 1.4276872 0.0587383 0.1812915 -0.2027345 0.9605113
1609226544.255989 0.0800914 0.1872797 1.4448824 0.0687704 0.1726134 -0.2039291 0.9611910
1609226544.657230 0.0869027 0.1899571 1.4787661 0.0682222 0.1662085 -0.2099182 0.9610696
1609226544.956408 0.0913513 0.1914346 1.5038381 0.0752996 0.1429461 -0.1938647 0.9676326
1609226545.256687 0.0973348 0.1945213 1.5298043 0.0758311 0.1279450 -0.1840032 0.9716082
1609226545.856041 0.1078692 0.1974363 1.5816689 0.0730073 0.0928051 -0.1658573 0.9790549
1609226546.458124 0.1186789 0.2006762 1.6342908 0.0804418 0.0815491 -0.1501539 0.9820044
1609226546.757645 0.1203113 0.2007878 1.6602153 0.0888038 0.0724785 -0.1368267 0.9839407
1609226547.057517 0.1232858 0.2018954 1.6859472 0.0701430 0.0637966 -0.1336773 0.9864787
1609226547.657051 0.1298256 0.2067617 1.7382878 0.0488877 0.0492741 -0.1415221 0.9874986
1609226547.957273 0.1308740 0.2087388 1.7650889 0.0503661 0.0382566 -0.1193302 0.9908381
1609226548.257681 0.1319828 0.2123942 1.7918668 0.0394751 0.0344161 -0.1111186 0.9924263
1609226548.558458 0.1326926 0.2138301 1.8183987 0.0318822 0.0157625 -0.0976615 0.9945840
1609226548.857058 0.1316299 0.2171419 1.8451393 0.0154393 -0.0114569 -0.0818636 0.9964581
1609226549.158346 0.1321398 0.2179608 1.8718834 0.0291035 -0.0312906 -0.0574245 0.9974349
1609226549.458285 0.1340157 0.2196405 1.8980489 0.0468844 -0.0426821 -0.0565258 0.9963859
1609226549.758612 0.1337422 0.2234168 1.9242300 0.0206746 -0.0661059 -0.0361083 0.9969447
1609226550.156325 0.1341896 0.2267890 1.9603124 0.0270755 -0.0695544 -0.0143362 0.9971076
1609226550.457012 0.1361712 0.2295436 1.9870194 0.0216275 -0.0734789 -0.0171212 0.9969152
1609226550.858386 0.1360971 0.2348946 2.0223422 0.0098198 -0.0913575 0.0006455 0.9957695
1609226551.158293 0.1360401 0.2377746 2.0485985 0.0136138 -0.1086413 0.0135661 0.9938952
1609226551.757244 0.1370987 0.2472342 2.1006150 0.0005105 -0.1215939 -0.0003455 0.9925798
1609226552.054952 0.1371069 0.2516611 2.1271000 -0.0088990 -0.1112623 -0.0141428 0.9936506
1609226552.357659 0.1383772 0.2568437 2.1532733 -0.0131505 -0.1183107 -0.0170193 0.9927437
1609226552.656322 0.1404273 0.2613373 2.1787894 -0.0234697 -0.1050190 -0.0401200 0.9933834
1609226552.957814 0.1400283 0.2661507 2.2025862 -0.0334205 -0.1247409 -0.0258794 0.9912885
1609226553.357724 0.1390632 0.2705211 2.2337906 -0.0300176 -0.1221530 -0.0135212 0.9919651
1609226553.856243 0.1411287 0.2751504 2.2707777 -0.0310588 -0.1351528 -0.0089113 0.9902977
1609226554.458781 0.1377922 0.2810313 2.3121831 -0.0159616 -0.1270812 -0.0155277 0.9916423
1609226554.858173 0.1298332 0.2867021 2.3368120 -0.0451211 -0.1381397 0.0099256 0.9893346
1609226555.159189 0.1229701 0.2905210 2.3562183 -0.0621360 -0.0887732 -0.0569223 0.9924809
1609226555.457747 0.1138142 0.2900373 2.3760464 -0.0118660 -0.0915021 -0.0116401 0.9956661
1609226555.759319 0.1068642 0.2936692 2.3975163 -0.0133708 -0.0907177 0.0101930 0.9957347
1609226556.460102 0.0935104 0.3016190 2.4483399 -0.0145684 -0.0926742 0.0040546 0.9955816
1609226556.756987 0.0914432 0.3042504 2.4697499 -0.0066518 -0.0766809 -0.0071045 0.9970082
1609226557.059898 0.0883662 0.3081014 2.4913757 -0.0266345 -0.0878377 -0.0184882 0.9956070
1609226557.359364 0.0835795 0.3137845 2.5135946 -0.0554954 -0.1018342 -0.0111582 0.9931896
1609226557.860133 0.0789127 0.3201153 2.5489917 -0.0671672 -0.1095416 -0.0220714 0.9914646
1609226558.260863 0.0750166 0.3260567 2.5765910 -0.0888874 -0.1105481 -0.0301140 0.9894298
1609226558.660462 0.0699455 0.3317446 2.6036520 -0.1055155 -0.1103928 -0.0065127 0.9882497
1609226559.061608 0.0659309 0.3372433 2.6302016 -0.0922617 -0.1094847 -0.0223368 0.9894453
1609226559.361151 0.0630662 0.3424953 2.6500721 -0.1210168 -0.1049944 -0.0320038 0.9865631
1609226559.661027 0.0591767 0.3473637 2.6700127 -0.1384685 -0.1080708 -0.0227588 0.9841896
1609226559.961409 0.0559657 0.3506570 2.6900077 -0.1364291 -0.1125323 -0.0161808 0.9841046
1609226560.360339 0.0534113 0.3570188 2.7194490 -0.1548152 -0.1136717 -0.0220110 0.9811353
1609226560.661622 0.0506808 0.3641823 2.7405365 -0.1858404 -0.1150169 -0.0340188 0.9752318
1609226560.962035 0.0487823 0.3690358 2.7620819 -0.1833107 -0.0981379 -0.0494819 0.9768918
1609226561.360454 0.0472599 0.3748678 2.7918890 -0.1621151 -0.1175911 -0.0613492 0.9778176
1609226561.861303 0.0448088 0.3816615 2.8298805 -0.1411494 -0.1131150 -0.1007490 0.9783310
1609226562.262507 0.0418738 0.3878768 2.8618324 -0.0985296 -0.1315168 -0.0893305 0.9823520
1609226562.562064 0.0390804 0.3931479 2.8851020 -0.0925514 -0.1488254 -0.1132128 0.9779919
1609226562.862410 0.0341138 0.3978664 2.9083316 -0.0821669 -0.1722995 -0.0903799 0.9774420
1609226563.261410 0.0293432 0.4048034 2.9411192 -0.0730838 -0.1789767 -0.0954506 0.9764811
1609226563.560433 0.0247726 0.4103289 2.9655824 -0.0469152 -0.2315033 -0.0824134 0.9682010
1609226563.862049 0.0181422 0.4159443 2.9896569 -0.0451898 -0.2386953 -0.0825811 0.9665210
1609226564.162517 0.0115123 0.4197044 3.0138931 -0.0569178 -0.2371177 -0.0705545 0.9672423
1609226564.461149 0.0061237 0.4249631 3.0384734 -0.0587720 -0.2584985 -0.0479547 0.9630289
1609226564.762370 -0.0014130 0.4317276 3.0624933 -0.0615471 -0.2595256 -0.0607135 0.9618587
1609226565.062784 -0.0103825 0.4373582 3.0867977 -0.0451411 -0.2765660 -0.0744789 0.9570405
1609226565.361367 -0.0175736 0.4442173 3.1114023 -0.0652071 -0.2824704 -0.0850886 0.9532672
1609226565.561340 -0.0222852 0.4489156 3.1274676 -0.0979811 -0.2878902 -0.0944801 0.9479412
1609226565.761259 -0.0283999 0.4534857 3.1431780 -0.1134155 -0.2838025 -0.0960889 0.9472908
1609226566.060416 -0.0392933 0.4583528 3.1664071 -0.1091649 -0.2857269 -0.0570667 0.9503613
1609226566.359927 -0.0484884 0.4637229 3.1892524 -0.1257163 -0.2820550 -0.0263691 0.9507602
1609226566.663392 -0.0575216 0.4692852 3.2113442 -0.1570483 -0.2792335 -0.0108576 0.9472310
1609226566.961024 -0.0686238 0.4757140 3.2336874 -0.1769102 -0.2802882 -0.0007314 0.9434727
1609226567.161413 -0.0755485 0.4793990 3.2481747 -0.1855537 -0.2795200 0.0085205 0.9420009
1609226567.363916 -0.0817041 0.4827122 3.2636263 -0.1957041 -0.2703131 0.0342724 0.9420489
1609226567.561845 -0.0877283 0.4848139 3.2791195 -0.2022045 -0.2773886 0.0553150 0.9376082
1609226567.762930 -0.0947468 0.4883404 3.2942059 -0.2112984 -0.2884132 0.0443063 0.9328493
1609226567.963369 -0.1040218 0.4921192 3.3093753 -0.2189177 -0.2992830 0.0515245 0.9272810
1609226568.262641 -0.1186779 0.4953539 3.3313394 -0.2261347 -0.3317298 0.0682420 0.9133244
1609226568.463676 -0.1282572 0.4969452 3.3452995 -0.2287166 -0.3690817 0.0645260 0.8985009
1609226568.764096 -0.1434479 0.4996284 3.3653221 -0.2171996 -0.4020444 0.0513335 0.8880031
1609226568.964013 -0.1546423 0.5031232 3.3773575 -0.2153905 -0.4197365 0.0414092 0.8807460
1609226569.163525 -0.1655104 0.5067242 3.3879075 -0.2127748 -0.4546386 0.0357917 0.8641467
1609226569.363879 -0.1758444 0.5095896 3.3987699 -0.1947593 -0.4860177 0.0493883 0.8505389
1609226569.563826 -0.1855263 0.5124599 3.4092240 -0.1771107 -0.5147954 0.0385618 0.8379322
1609226569.763911 -0.1960288 0.5153976 3.4196424 -0.1579583 -0.5406806 0.0221886 0.8259670
1609226569.863199 -0.2017924 0.5171174 3.4249935 -0.1520572 -0.5447981 0.0101367 0.8246034
1609226569.963050 -0.2080413 0.5183054 3.4305618 -0.1480747 -0.5393474 0.0097113 0.8289052
1609226570.064184 -0.2143176 0.5191714 3.4358711 -0.1435322 -0.5381353 0.0199659 0.8303073
1609226570.263898 -0.2260718 0.5211771 3.4466393 -0.1394700 -0.5356071 0.0198262 0.8326344
1609226570.365898 -0.2321839 0.5218687 3.4521751 -0.1367791 -0.5333164 0.0271786 0.8343419
1609226570.563174 -0.2456064 0.5230610 3.4631963 -0.1326277 -0.5310863 0.0440887 0.8357114
1609226570.664474 -0.2524369 0.5236622 3.4682136 -0.1308982 -0.5348666 0.0410333 0.8337263
1609226570.763277 -0.2595574 0.5242025 3.4731627 -0.1171900 -0.5403361 0.0350971 0.8325092
1609226570.963677 -0.2743266 0.5247694 3.4823012 -0.1211686 -0.5550405 0.0207081 0.8226903
1609226571.163488 -0.2888432 0.5230938 3.4909465 -0.1098549 -0.5626989 0.0361638 0.8185316
1609226571.364745 -0.3032221 0.5218857 3.4997029 -0.1125126 -0.5792336 0.0676885 0.8045170
1609226571.465006 -0.3103681 0.5210063 3.5042391 -0.1077498 -0.5824386 0.0842167 0.8012882
1609226571.665133 -0.3247973 0.5198471 3.5129304 -0.0961194 -0.5950363 0.0820495 0.7937007
1609226571.864185 -0.3402312 0.5185387 3.5213885 -0.1064171 -0.5908701 0.0860855 0.7950705
1609226572.064255 -0.3548001 0.5161701 3.5288668 -0.1009529 -0.5911225 0.1109767 0.7925067
1609226572.264587 -0.3687794 0.5155709 3.5360639 -0.1173384 -0.6058458 0.1119820 0.7788727
1609226572.564913 -0.3897098 0.5144704 3.5466461 -0.1227645 -0.6317344 0.1088018 0.7576296
1609226572.764899 -0.4049301 0.5141020 3.5526252 -0.1189184 -0.6432009 0.1064235 0.7488825
1609226572.962555 -0.4197671 0.5123457 3.5573478 -0.1287932 -0.6549638 0.1182511 0.7351540
1609226573.264287 -0.4414155 0.5101672 3.5635867 -0.1418147 -0.6841624 0.1317701 0.7031692
1609226573.364701 -0.4490617 0.5092241 3.5660696 -0.1421528 -0.6863614 0.1399247 0.6993724
1609226573.565807 -0.4643108 0.5073515 3.5703683 -0.1450346 -0.6920755 0.1534768 0.6902473
1609226573.763870 -0.4807770 0.5066586 3.5740767 -0.1399522 -0.6893965 0.1532151 0.6940252
1609226573.964573 -0.4958034 0.5050355 3.5773134 -0.1346250 -0.6980686 0.1502641 0.6870204
1609226574.063602 -0.5035914 0.5043241 3.5792243 -0.1240839 -0.6961155 0.1572156 0.6894271
1609226574.362742 -0.5268145 0.5020483 3.5856564 -0.1405721 -0.7044170 0.1569447 0.6777939
1609226574.564156 -0.5423254 0.5010321 3.5888777 -0.1324803 -0.7171091 0.1469862 0.6682803
1609226574.763447 -0.5592408 0.5001167 3.5909851 -0.1352108 -0.7145018 0.1620199 0.6670493
1609226574.963732 -0.5747361 0.4979018 3.5927794 -0.1351837 -0.7198190 0.1707301 0.6591185
1609226575.165551 -0.5901816 0.4962445 3.5947742 -0.1311235 -0.7323182 0.1752845 0.6448193
1609226575.265562 -0.5979415 0.4953200 3.5957851 -0.1358448 -0.7369298 0.1851701 0.6357616
1609226575.363424 -0.6060029 0.4941610 3.5972424 -0.1353943 -0.7260717 0.1929994 0.6459408
1609226575.464154 -0.6137199 0.4931391 3.5982075 -0.1349745 -0.7245540 0.1946026 0.6472505
1609226575.564157 -0.6215277 0.4925771 3.5989654 -0.1295842 -0.7294975 0.1854457 0.6454853
1609226575.762756 -0.6384864 0.4915999 3.6004376 -0.1235613 -0.7156992 0.1563483 0.6693747
1609226575.964186 -0.6539220 0.4891700 3.6008251 -0.1270005 -0.7239668 0.1558748 0.6598833
1609226576.064472 -0.6618110 0.4881518 3.6012833 -0.1257754 -0.7202623 0.1604431 0.6630692
1609226576.261207 -0.6780418 0.4855012 3.6026618 -0.1365514 -0.7226390 0.1814243 0.6528643
1609226576.463408 -0.6940596 0.4834776 3.6042573 -0.1527405 -0.7174081 0.1955642 0.6509613
1609226576.664280 -0.7098563 0.4827739 3.6047447 -0.1677444 -0.7207501 0.1915090 0.6447521
1609226576.863839 -0.7271775 0.4809715 3.6051915 -0.1724360 -0.7058704 0.2107772 0.6539004
1609226577.065076 -0.7441446 0.4788245 3.6067519 -0.1761306 -0.6940907 0.2441283 0.6539246
1609226577.263634 -0.7615808 0.4781394 3.6089032 -0.1684289 -0.6918946 0.2442637 0.6582164
1609226577.464036 -0.7786649 0.4769576 3.6111162 -0.1668513 -0.6955808 0.2268763 0.6609501
1609226577.664285 -0.7957072 0.4756918 3.6132329 -0.1526965 -0.6920254 0.2344195 0.6654564
1609226577.864595 -0.8135030 0.4730626 3.6148469 -0.1759601 -0.6753252 0.2666757 0.6647239
1609226578.062259 -0.8303826 0.4712288 3.6172931 -0.1624599 -0.6814755 0.2684748 0.6611500
1609226578.264331 -0.8481618 0.4694448 3.6208677 -0.1629212 -0.6755095 0.2961620 0.6553103
1609226578.464735 -0.8655603 0.4680614 3.6242554 -0.1524498 -0.6744893 0.2947372 0.6595098
1609226578.664607 -0.8834832 0.4661409 3.6263676 -0.1396291 -0.6738875 0.3122860 0.6548716
1609226578.864644 -0.9024070 0.4638427 3.6285203 -0.1450413 -0.6597472 0.3167129 0.6658750
1609226579.064305 -0.9200382 0.4613259 3.6315379 -0.1409602 -0.6592250 0.3194778 0.6659479
1609226579.364385 -0.9454129 0.4581942 3.6358118 -0.1507723 -0.6679410 0.3371860 0.6460869
1609226579.665492 -0.9712216 0.4584309 3.6379302 -0.1110961 -0.6667393 0.2997962 0.6732300
1609226579.866578 -0.9880855 0.4558647 3.6385913 -0.1073370 -0.6604567 0.3085261 0.6760823
1609226580.066545 -1.0035018 0.4533377 3.6404123 -0.0974178 -0.6584776 0.3274471 0.6705934
1609226580.265566 -1.0197555 0.4523838 3.6427388 -0.0744260 -0.6485968 0.3262421 0.6836293
1609226580.463377 -1.0368619 0.4510218 3.6441317 -0.1077278 -0.6380641 0.3284393 0.6880382
1609226580.663516 -1.0532892 0.4505747 3.6447544 -0.1087864 -0.6383805 0.3347126 0.6845461
1609226580.865946 -1.0702857 0.4491689 3.6456892 -0.1133593 -0.6301591 0.3274264 0.6948677
1609226581.069009 -1.0866737 0.4488229 3.6475422 -0.0908191 -0.6238632 0.2878401 0.7208985
1609226581.266276 -1.1030265 0.4470875 3.6497667 -0.0982759 -0.6103863 0.2998683 0.7265324
1609226581.466124 -1.1194578 0.4460499 3.6517229 -0.1205092 -0.6051134 0.2923990 0.7306286
1609226581.666653 -1.1357162 0.4456553 3.6533401 -0.1102312 -0.6008530 0.2756532 0.7421860
1609226581.866571 -1.1508384 0.4418485 3.6557949 -0.1667512 -0.5882906 0.3393633 0.7148012
1609226582.066489 -1.1657686 0.4387182 3.6595657 -0.2318475 -0.5779269 0.3816641 0.6830664
1609226582.263931 -1.1806296 0.4364934 3.6633666 -0.2565743 -0.5901517 0.4055354 0.6491777
1609226582.567277 -1.2037001 0.4337185 3.6688704 -0.2526852 -0.5798121 0.4073940 0.6587854
1609226582.767186 -1.2185407 0.4335364 3.6721215 -0.2288405 -0.5600858 0.4223414 0.6749545
1609226583.067113 -1.2369560 0.4314179 3.6767573 -0.2345227 -0.5396640 0.4527647 0.6699000
1609226583.267945 -1.2483101 0.4296906 3.6811686 -0.2204225 -0.5293614 0.4761498 0.6666872
1609226583.466557 -1.2610096 0.4284115 3.6851611 -0.2251344 -0.5451519 0.4764512 0.6520109
1609226583.767858 -1.2818558 0.4300036 3.6894569 -0.2386212 -0.5434694 0.4494662 0.6675935
1609226583.967821 -1.2958559 0.4305202 3.6923263 -0.2129536 -0.5283610 0.4602326 0.6809342
1609226584.268296 -1.3137243 0.4286848 3.6975226 -0.2181055 -0.5241997 0.4777380 0.6703814
1609226584.568107 -1.3326975 0.4270327 3.7029166 -0.1974324 -0.5386566 0.4762830 0.6663513
1609226584.766736 -1.3466880 0.4254448 3.7051058 -0.1960505 -0.5427652 0.4716526 0.6667188
1609226584.967468 -1.3614420 0.4245557 3.7064402 -0.1786066 -0.5404136 0.4675163 0.6763737
1609226585.167958 -1.3776031 0.4221921 3.7085090 -0.1641034 -0.5246487 0.4691995 0.6911337
1609226585.368740 -1.3938071 0.4205655 3.7108865 -0.1444797 -0.5026948 0.4532897 0.7217700
1609226585.567438 -1.4089988 0.4192182 3.7138252 -0.1184474 -0.4858109 0.4552897 0.7366609
1609226585.867399 -1.4331807 0.4170541 3.7174261 -0.1146389 -0.4784685 0.4498402 0.7453654
1609226586.168591 -1.4579902 0.4154698 3.7191553 -0.1219494 -0.4533817 0.4359434 0.7678065
1609226586.467202 -1.4811449 0.4120032 3.7246568 -0.1100038 -0.4041974 0.4592653 0.7833256
1609226586.767499 -1.5043054 0.4099510 3.7305145 -0.0995973 -0.4007241 0.4690041 0.7807277
1609226587.068799 -1.5286416 0.4080786 3.7368722 -0.1064617 -0.3849708 0.4694606 0.7874453
1609226587.366409 -1.5525405 0.4066109 3.7433200 -0.0804712 -0.3657660 0.4668730 0.8011050
1609226587.566870 -1.5675296 0.4064760 3.7491682 -0.0591814 -0.3271852 0.4637276 0.8212211
1609226587.867324 -1.5894496 0.4081035 3.7570860 -0.0732750 -0.3264346 0.4697811 0.8169314
1609226588.067571 -1.6030922 0.4089057 3.7588844 -0.0789746 -0.3413794 0.4711331 0.8094793
1609226588.268503 -1.6158402 0.4092838 3.7614126 -0.0577658 -0.3151221 0.4790246 0.8172494
1609226588.567062 -1.6341379 0.4104595 3.7717679 -0.0654755 -0.2608936 0.4741639 0.8383413
1609226588.767487 -1.6459664 0.4110823 3.7794304 -0.0820941 -0.2843783 0.4789650 0.8264273
1609226589.067398 -1.6636405 0.4077007 3.7888944 -0.0870450 -0.3037585 0.5062670 0.8024012
1609226589.368293 -1.6847810 0.4069464 3.7957017 -0.0552270 -0.3035523 0.5058609 0.8055499
1609226589.665018 -1.7091949 0.4054962 3.7993824 -0.0688183 -0.3208806 0.4769388 0.8153705
1609226589.968030 -1.7321807 0.4066151 3.8012953 -0.0550886 -0.3835037 0.4362179 0.8121601
