1609226520.221831799 0 0 0 0 0 0 1
1609226520.322696686 0.0198889 -0.0144722 -0.00521604 -0.000182324 -7.19352e-05 0.0027976 0.999996
1609226520.423611879 0.0293266 -0.011345 -0.00452349 0.00164003 0.0001417 0.0032995 0.999993
1609226520.524469852 0.0184511 -0.0121674 -0.0189602 0.0048366 0.00027051 0.00155334 0.999987
1609226520.625341415 0.0208223 -0.0124682 0.00266947 0.00640223 0.000348856 -0.00331758 0.999974
1609226520.726211309 0.00546265 -0.00832192 -0.0571407 0.00541744 0.000476773 -0.00520546 0.999972
1609226520.827062607 0.0472048 0.0169471 -0.181004 0.0131052 0.000871464 0.000237735 0.999914
1609226520.927831888 0.105734 0.0555069 -0.288638 0.0102211 0.00132502 0.00876208 0.999908
1609226521.028702736 0.148445 0.0892744 -0.454606 0.00120827 0.000504803 0.02935 0.999568
1609226521.129595280 0.199962 0.0862078 -0.35436 -0.00270911 0.0157175 0.0341542 0.999289
1609226521.230492115 0.190183 0.0784335 -0.144648 -0.00224342 0.0326728 0.0445783 0.998469
1609226521.331304073 0.225403 0.0664568 0.000901045 0.00691755 0.0529054 0.0537928 0.997126
1609226521.432169437 0.278469 0.0703627 0.068814 0.0161521 0.0689044 0.055405 0.995953
1609226521.533019543 0.280949 0.0663591 0.0343874 0.0181215 0.069377 0.0440102 0.996454
1609226521.633877993 0.323311 0.075314 0.0195455 0.0174538 0.0690615 0.0339675 0.996881
1609226521.734810829 0.361981 0.0842096 0.0153643 0.0119188 0.0705261 0.0226185 0.997182
1609226521.835662365 0.387444 0.0834483 0.00866173 0.0088744 0.0698432 0.0133787 0.997429
1609226521.936524868 0.398515 0.0881528 -0.030231 0.00750941 0.0623669 0.0121968 0.997951
1609226522.037323475 0.424898 0.0800599 -0.0492473 0.00677352 0.0634327 0.0163626 0.997829
1609226522.138255835 0.462312 0.067924 -0.0192838 0.00485838 0.0703632 0.0173383 0.997359
1609226522.239060879 0.503394 0.0577969 -0.0260462 0.00170039 0.070765 0.0181827 0.997326
1609226522.339925289 0.551687 0.0567173 -0.016059 0.0034083 0.0706883 0.0211854 0.997268
1609226522.440745354 0.589388 0.0618323 -0.0180479 0.00677961 0.0702596 0.0234831 0.997229
1609226522.541604042 0.630895 0.0735188 -0.0542128 0.015425 0.0704881 0.0248832 0.997083
1609226522.642486572 0.670203 0.0862338 -0.0698974 0.0223154 0.0700407 0.0224686 0.997041
1609226522.743382215 0.730242 0.109283 -0.0365398 0.027679 0.0756145 0.0209578 0.996533
1609226522.844258308 0.801599 0.116075 -0.0478745 0.0252585 0.072519 0.026894 0.996684
1609226522.945126772 0.871259 0.129023 -0.0634906 0.0255079 0.0747622 0.0354265 0.996245
1609226523.045853376 0.901085 0.133296 -0.0495247 0.0226992 0.0747468 0.0447055 0.995941
1609226523.146831751 0.949201 0.131396 -0.0689741 0.0227303 0.0731584 0.0498483 0.995814
1609226523.247661591 0.992858 0.124212 -0.0859539 0.0278208 0.0733591 0.05181 0.99557
1609226523.348571777 1.08511 0.109728 -0.10684 0.0311155 0.0638536 0.057709 0.995803
1609226523.449357748 1.14593 0.101789 -0.0905993 0.0311774 0.0571156 0.0657084 0.995715
1609226523.550243855 1.19007 0.0936839 -0.106698 0.0290522 0.0501579 0.0691754 0.995919
1609226523.651133299 1.24094 0.0821667 -0.133848 0.0258848 0.0392268 0.0651507 0.996768
1609226523.752008438 1.29468 0.0903634 -0.16016 0.0296667 0.0379293 0.0670667 0.996586
1609226523.852869987 1.36904 0.0909183 -0.194868 0.033848 0.0397245 0.0706303 0.996136
1609226523.953719378 1.4322 0.088894 -0.21563 0.041932 0.043126 0.0731874 0.995503
1609226524.054505825 1.50164 0.082208 -0.209823 0.0460773 0.0454099 0.0706093 0.995404
1609226524.155372143 1.57542 0.0885443 -0.230771 0.0409801 0.0449529 0.0571379 0.996511
1609226524.256312847 1.65743 0.116234 -0.245417 0.0325215 0.0551115 0.0428169 0.997031
1609226524.357120991 1.73441 0.123369 -0.279032 0.0247376 0.0686729 0.0422443 0.996437
1609226524.457930803 1.79721 0.132236 -0.306521 0.0234961 0.0746022 0.0444938 0.995943
1609226524.558777809 1.86831 0.123448 -0.338338 0.0313537 0.0751841 0.0523434 0.995301
1609226524.659721851 1.92018 0.104676 -0.331388 0.0374131 0.0742951 0.0599556 0.994729
1609226524.760570526 1.95395 0.103125 -0.341775 0.0328187 0.0606246 0.0664286 0.995407
1609226524.861418247 2.01349 0.104342 -0.323652 0.0256098 0.0609236 0.0685115 0.995459
1609226524.962276220 2.07955 0.0937287 -0.359864 0.0238525 0.0579452 0.0666109 0.995809
1609226525.063141584 2.14974 0.08666 -0.370187 0.0222869 0.0585137 0.0680874 0.995713
1609226525.164046288 2.19187 0.0867982 -0.401248 0.0225571 0.0583987 0.0665169 0.995819
1609226525.264908552 2.23687 0.0904696 -0.416196 0.0222389 0.0575072 0.0630501 0.996104
1609226525.365746021 2.28927 0.0991715 -0.435917 0.0222962 0.0556049 0.0572007 0.996564
1609226525.466611624 2.35653 0.106683 -0.454511 0.0222275 0.0472563 0.0596282 0.996854
1609226525.567550659 2.41225 0.100004 -0.444352 0.0228896 0.0491136 0.065052 0.99641
1609226525.668319702 2.49032 0.0824847 -0.425655 0.0253345 0.0565447 0.0621742 0.99614
1609226525.769243956 2.5282 0.0782607 -0.437051 0.0270685 0.05692 0.0571542 0.996374
1609226525.870130062 2.60396 0.0729118 -0.472354 0.0326026 0.0442066 0.056981 0.996863
1609226525.970920801 2.68259 0.0545509 -0.462156 0.0381096 0.0406612 0.0636107 0.996418
1609226526.071864128 2.75624 0.0364962 -0.480731 0.0423292 0.0416115 0.0723135 0.995614
1609226526.172702312 2.82983 0.019143 -0.472168 0.0449939 0.0549008 0.072205 0.994861
1609226526.273465157 2.88318 0.0209055 -0.491444 0.0433392 0.0621635 0.0616127 0.995219
1609226526.374313831 2.93924 0.0176303 -0.502645 0.0330539 0.0739053 0.056485 0.995116
1609226526.475174189 2.98258 0.0255884 -0.531105 0.0211685 0.0792558 0.0483882 0.995454
1609226526.576093197 3.04765 0.0306357 -0.552882 0.0102258 0.0719483 0.0439152 0.996389
1609226526.676892281 3.12749 0.0252749 -0.563948 0.00119073 0.0656697 0.0432342 0.996904
1609226526.777810335 3.21241 0.00864043 -0.542806 -0.00421343 0.071052 0.0489167 0.996264
1609226526.878679514 3.28419 -0.00266798 -0.517178 -0.00555152 0.0794931 0.0551796 0.995292
1609226526.979623556 3.35785 -0.0172369 -0.539338 -0.00315163 0.083554 0.0581111 0.994802
1609226527.080454826 3.44403 -0.0299709 -0.554456 -0.00162773 0.0869764 0.0568643 0.994585
1609226527.181234121 3.50667 -0.0484592 -0.567674 -0.00040154 0.0873432 0.0597412 0.994385
1609226527.282202244 3.57708 -0.0624877 -0.591033 0.00437448 0.083529 0.062074 0.994561
1609226527.383031845 3.6586 -0.0783357 -0.607883 0.0063412 0.0859144 0.0626175 0.994313
1609226527.483802557 3.73788 -0.0835281 -0.647711 0.00783261 0.0818998 0.062749 0.994632
1609226527.584847450 3.82335 -0.0894132 -0.674797 0.00740746 0.079513 0.0635107 0.994781
1609226527.685527802 3.90627 -0.0919719 -0.707758 0.0060317 0.0751675 0.0641525 0.995087
1609226527.786439419 3.99726 -0.0896604 -0.73269 0.00467495 0.0751301 0.0631517 0.995161
1609226527.887335062 4.08216 -0.0775783 -0.746565 0.00557472 0.0787787 0.0673508 0.994599
1609226527.988115311 4.15234 -0.0795269 -0.771766 0.010668 0.0754573 0.0683119 0.994749
1609226528.088914871 4.21515 -0.0636206 -0.811706 0.0139633 0.0694099 0.0685961 0.995129
1609226528.189922333 4.32341 -0.0836181 -0.855991 0.0120754 0.0688168 0.0754005 0.994703
1609226528.290719032 4.41238 -0.0993274 -0.91378 0.00562571 0.067797 0.0794513 0.994515
1609226528.391551971 4.50852 -0.109882 -0.927815 -0.00165975 0.0723714 0.0837504 0.993854
1609226528.492535114 4.57572 -0.114551 -0.950976 -0.00622236 0.0772577 0.0877554 0.993122
1609226528.593367338 4.6608 -0.116591 -0.968879 -0.00486064 0.0924781 0.0934643 0.991307
1609226528.694149017 4.73363 -0.11697 -0.988547 -0.00581161 0.105604 0.0995395 0.989397
1609226528.794984579 4.83392 -0.124949 -1.03866 -0.00640727 0.113118 0.102491 0.988261
1609226528.895797968 4.91418 -0.127366 -1.08021 -0.00475165 0.119873 0.103344 0.987384
1609226528.996896267 5.04871 -0.127766 -1.12362 -0.001024 0.134664 0.104807 0.985333
1609226529.097628117 5.17976 -0.127427 -1.18511 0.00194241 0.146114 0.103925 0.983792
1609226529.198477268 5.23859 -0.125196 -1.21252 0.00358637 0.149438 0.100941 0.983599
1609226529.299347878 5.29172 -0.123337 -1.21193 0.00404494 0.156613 0.0987222 0.982705
1609226529.400207996 5.37076 -0.144459 -1.23796 0.00269901 0.168578 0.103425 0.980244
1609226529.500982761 5.49408 -0.168414 -1.28153 0.00520394 0.1816 0.109632 0.977228
1609226529.601967812 5.59857 -0.171695 -1.35989 -0.00287653 0.176672 0.107516 0.978376
1609226529.702740192 5.66982 -0.180755 -1.38305 -0.0145203 0.180162 0.103112 0.97811
1609226529.803674936 5.69331 -0.183053 -1.38331 -0.012294 0.189925 0.101896 0.976419
1609226529.904597759 5.75987 -0.192297 -1.41914 -0.00379121 0.194777 0.108798 0.974787
1609226530.005249977 5.89839 -0.182788 -1.48118 0.00161932 0.195787 0.112353 0.974188
1609226530.106297255 5.98359 -0.174661 -1.50472 0.00546876 0.199273 0.11174 0.973537
1609226530.207110882 6.06288 -0.180061 -1.51774 0.0109491 0.202824 0.109443 0.973018
1609226530.307967186 6.18638 -0.178302 -1.55265 0.0193725 0.199121 0.106686 0.973958
1609226530.408946037 6.23237 -0.17825 -1.54983 0.0271086 0.195895 0.101526 0.974978
1609226530.509704590 6.27944 -0.176305 -1.57699 0.0268388 0.192243 0.1008 0.975788
1609226530.610520363 6.43244 -0.19472 -1.65017 0.0255029 0.19085 0.106339 0.975509
1609226530.711359978 6.52883 -0.207269 -1.71494 0.0271942 0.190249 0.109491 0.975232
1609226530.812252522 6.63236 -0.209037 -1.74293 0.033582 0.192721 0.110467 0.974437
1609226530.913046598 6.71615 -0.215831 -1.78847 0.0380687 0.190457 0.11016 0.974752
1609226531.013910055 6.80857 -0.208853 -1.8353 0.0350465 0.185794 0.106202 0.976204
1609226531.114715815 6.92687 -0.208736 -1.88741 0.0279244 0.178354 0.10131 0.978338
1609226531.215602875 6.99758 -0.202427 -1.8979 0.0248899 0.177391 0.0957683 0.979153
1609226531.316515446 7.06933 -0.216623 -1.90807 0.0347031 0.188118 0.0997348 0.976453
1609226531.417344570 7.1912 -0.22441 -1.956 0.0504882 0.194184 0.108336 0.973656
1609226531.518171310 7.28632 -0.21857 -1.99182 0.0640844 0.19023 0.113275 0.973075
1609226531.619047165 7.38857 -0.215758 -2.03943 0.0697172 0.189345 0.121563 0.971859
1609226531.719858646 7.47501 -0.210029 -2.09186 0.0684641 0.190713 0.130936 0.970462
1609226531.820709229 7.55104 -0.201142 -2.12033 0.0611971 0.195605 0.145439 0.967906
1609226531.921614647 7.64484 -0.188146 -2.16517 0.0625576 0.202041 0.156726 0.964729
1609226532.022499084 7.72337 -0.168929 -2.18009 0.0644922 0.212373 0.168489 0.96039
1609226532.123281956 7.82987 -0.154899 -2.22454 0.0644184 0.212431 0.180504 0.958197
1609226532.224149227 7.98362 -0.143235 -2.28854 0.0650902 0.210954 0.193193 0.956001
1609226532.325004578 8.04662 -0.117959 -2.32526 0.0694994 0.214005 0.204604 0.952633
1609226532.425864935 8.12693 -0.0853738 -2.3657 0.0746886 0.217926 0.219092 0.948118
1609226532.526799679 8.24196 -0.0635427 -2.427 0.0777977 0.226362 0.233676 0.942392
1609226532.627656937 8.35607 -0.0348917 -2.45668 0.0805604 0.228275 0.239802 0.940157
1609226532.728512287 8.48058 -0.0202995 -2.51973 0.0862643 0.22695 0.257347 0.935321
1609226532.829381466 8.54363 0.0103097 -2.54852 0.0901774 0.228433 0.275047 0.929535
1609226532.930244446 8.63022 0.0264233 -2.56637 0.088992 0.236401 0.292404 0.922331
1609226533.031093597 8.75147 0.0488489 -2.61002 0.091349 0.237797 0.305094 0.91762
1609226533.131953716 8.8411 0.0987278 -2.655 0.096648 0.241856 0.319656 0.911035
1609226533.232774258 8.91262 0.133698 -2.67868 0.101288 0.239313 0.334136 0.905993
1609226533.333672523 8.97932 0.168928 -2.70348 0.106146 0.237331 0.343291 0.902529
1609226533.434545755 9.07546 0.201231 -2.73849 0.110644 0.234492 0.353541 0.898766
1609226533.535397768 9.16298 0.24553 -2.76714 0.115614 0.234234 0.365732 0.893313
1609226533.636260748 9.23956 0.287972 -2.7816 0.118214 0.23658 0.374051 0.888899
1609226533.737039089 9.32323 0.334789 -2.81055 0.121965 0.234863 0.383583 0.884776
1609226533.837993622 9.41131 0.377657 -2.82868 0.1277 0.233141 0.392745 0.880392
1609226533.938848972 9.50962 0.406006 -2.86116 0.132367 0.229143 0.400645 0.877187
1609226534.039708614 9.61232 0.447221 -2.8964 0.132986 0.232143 0.412532 0.870771
1609226534.140570641 9.72364 0.482146 -2.94501 0.135823 0.231465 0.41192 0.870803
1609226534.241433144 9.79096 0.528783 -2.96172 0.141637 0.231687 0.412643 0.869475
1609226534.342242718 9.85254 0.557073 -2.97534 0.150531 0.227175 0.4135 0.868763
1609226534.443102121 9.92396 0.595989 -3.0059 0.15823 0.220677 0.410331 0.870571
1609226534.543968201 10.0127 0.631469 -3.04324 0.165183 0.213439 0.40978 0.871343
1609226534.644830704 10.0744 0.670731 -3.09196 0.168227 0.218597 0.409927 0.869411
1609226534.745685577 10.1744 0.701112 -3.10292 0.171805 0.223034 0.405032 0.869878
1609226534.846528053 10.294 0.722646 -3.11359 0.177932 0.224823 0.398112 0.871379
1609226534.947365761 10.3521 0.767612 -3.13302 0.180198 0.222303 0.391036 0.874757
1609226535.048254013 10.4288 0.820466 -3.16517 0.175933 0.220509 0.385227 0.878649
1609226535.149126530 10.52 0.843801 -3.19826 0.1732 0.219546 0.382685 0.880542
1609226535.249940872 10.6148 0.879577 -3.22891 0.174498 0.22078 0.374386 0.88354
1609226535.350832462 10.6892 0.913587 -3.2397 0.180212 0.218849 0.363301 0.887491
1609226535.451703548 10.782 0.955786 -3.28758 0.185263 0.210584 0.354003 0.892196
1609226535.552565098 10.8469 0.998105 -3.30422 0.186636 0.206105 0.345788 0.896169
1609226535.653406143 10.9111 1.0555 -3.34196 0.188931 0.210312 0.333739 0.899273
1609226535.754264355 11.0058 1.10021 -3.38975 0.194185 0.21643 0.322656 0.900746
1609226535.855177164 11.1268 1.11841 -3.39251 0.195031 0.217848 0.308591 0.905139
1609226535.956048965 11.1997 1.15019 -3.40789 0.19076 0.210604 0.292593 0.913042
1609226536.056915283 11.2815 1.19124 -3.42793 0.182903 0.199699 0.277488 0.921774
1609226536.157728195 11.3676 1.23383 -3.4805 0.182725 0.193261 0.262955 0.927425
1609226536.258644104 11.47 1.27507 -3.50753 0.188475 0.191657 0.246685 0.93107
1609226536.359506130 11.5713 1.30988 -3.51055 0.190684 0.193227 0.232731 0.933884
1609226536.460296392 11.6472 1.34323 -3.49414 0.184043 0.186208 0.218965 0.939952
1609226536.561160088 11.7418 1.38638 -3.5393 0.1763 0.173679 0.202096 0.947582
1609226536.661998510 11.8267 1.44532 -3.5969 0.177749 0.173042 0.180466 0.951784
1609226536.762833118 11.944 1.46968 -3.64056 0.186021 0.173957 0.163387 0.953121
1609226536.863752842 12.0608 1.47199 -3.62725 0.194743 0.172843 0.148653 0.953993
1609226536.964608669 12.1689 1.48117 -3.63725 0.19237 0.163196 0.133684 0.958378
1609226537.065479040 12.3021 1.50265 -3.68609 0.185428 0.152654 0.120677 0.963198
1609226537.166316032 12.4006 1.52387 -3.74625 0.186409 0.154436 0.115005 0.963419
1609226537.267184734 12.5065 1.53504 -3.77684 0.18667 0.157127 0.101024 0.9645
1609226537.368033886 12.6144 1.52753 -3.76456 0.181195 0.152247 0.0871391 0.967675
1609226537.468892574 12.7097 1.52872 -3.80107 0.173855 0.136272 0.0729161 0.972568
1609226537.569757462 12.8031 1.57087 -3.833 0.175001 0.121698 0.0572916 0.975337
1609226537.670633793 12.9515 1.57788 -3.88912 0.179905 0.125555 0.0481454 0.97445
1609226537.771527290 13.0538 1.58862 -3.88602 0.183661 0.132821 0.0513293 0.972621
1609226537.872386456 13.1681 1.6054 -3.90525 0.181533 0.133978 0.0462808 0.973115
1609226537.973275185 13.2793 1.63613 -3.90227 0.175863 0.13459 0.0463021 0.974071
1609226538.074172497 13.3958 1.66068 -3.93417 0.166541 0.134836 0.0490061 0.975542
1609226538.175017834 13.4868 1.67037 -3.97619 0.157886 0.134144 0.0512057 0.976962
1609226538.275821686 13.5701 1.67199 -4.02362 0.152651 0.136287 0.0501216 0.977554
1609226538.376745701 13.6607 1.68695 -4.04138 0.150962 0.134018 0.0484441 0.978214
1609226538.477641582 13.733 1.69619 -4.01418 0.149636 0.130676 0.0461383 0.978981
1609226538.578400612 13.8435 1.71753 -4.08359 0.149524 0.123364 0.0373202 0.980322
1609226538.679314137 13.9621 1.7256 -4.12332 0.152514 0.120531 0.0314111 0.980421
1609226538.780181170 14.0655 1.74152 -4.1471 0.154942 0.119491 0.0254924 0.980339
1609226538.881046772 14.1272 1.74587 -4.15371 0.153211 0.114072 0.0160758 0.981456
1609226538.981830359 14.2787 1.74938 -4.20043 0.150631 0.110679 0.0103221 0.982321
1609226539.082813978 14.3718 1.75733 -4.18805 0.147729 0.105374 0.00960223 0.983352
1609226539.183575153 14.4339 1.75941 -4.21123 0.137471 0.101884 0.00675459 0.985229
1609226539.284554243 14.5216 1.76909 -4.2512 0.131136 0.109255 0.000378578 0.985326
1609226539.385370731 14.6213 1.7611 -4.27758 0.12381 0.11104 0.000297674 0.986074
1609226539.486221790 14.6987 1.7657 -4.2889 0.10948 0.106094 -0.00192864 0.988309
1609226539.586994410 14.778 1.76504 -4.33202 0.100413 0.0991363 -0.0133025 0.989905
1609226539.687863827 14.8697 1.75091 -4.34612 0.100076 0.0934878 -0.018888 0.990398
1609226539.788829803 14.9481 1.75176 -4.34474 0.0962901 0.0887184 -0.0225938 0.991134
1609226539.889579535 15.0502 1.75706 -4.3603 0.0865565 0.0803111 -0.0279189 0.992612
1609226539.990442276 15.1851 1.75331 -4.42632 0.0752561 0.0721333 -0.029843 0.994104
1609226540.091371536 15.2718 1.73819 -4.45025 0.0656187 0.0691359 -0.0326325 0.994912
1609226540.192159653 15.3445 1.71584 -4.45498 0.0576123 0.0776404 -0.0343157 0.994724
1609226540.293035507 15.4183 1.69821 -4.47979 0.0499023 0.0825395 -0.0406978 0.994505
1609226540.393983364 15.5043 1.67817 -4.49459 0.0446763 0.0825999 -0.0460235 0.994517
1609226540.494784355 15.5905 1.65244 -4.50562 0.0388064 0.0774812 -0.0509612 0.994934
1609226540.595707893 15.6821 1.62885 -4.53147 0.0318486 0.0704016 -0.0612135 0.995129
1609226540.696637154 15.781 1.63266 -4.56205 0.0266052 0.0680588 -0.0753315 0.994477
1609226540.797412872 15.8987 1.63087 -4.57849 0.0215191 0.0674659 -0.0826966 0.994056
1609226540.898291349 16.0256 1.61438 -4.60894 0.0168693 0.0645348 -0.0886733 0.993825
1609226540.999114990 16.0944 1.59845 -4.62079 0.00896317 0.0548798 -0.0956404 0.993862
1609226541.100059986 16.1547 1.56658 -4.64787 -0.00102304 0.0476092 -0.0958578 0.994255
1609226541.200940132 16.2427 1.53592 -4.67963 -0.0126462 0.045102 -0.0943843 0.994433
1609226541.301699638 16.3393 1.51013 -4.69561 -0.0195292 0.0484702 -0.0974403 0.993869
1609226541.402425289 16.4184 1.50775 -4.69307 -0.0224845 0.0528523 -0.105565 0.992752
1609226541.503296375 16.5384 1.49394 -4.71647 -0.0266031 0.052781 -0.110599 0.992106
1609226541.604213238 16.6299 1.46644 -4.7477 -0.0326474 0.0495125 -0.11567 0.991516
1609226541.705019712 16.7089 1.45259 -4.74372 -0.0416218 0.046211 -0.123473 0.990397
1609226541.805924177 16.8038 1.43876 -4.78756 -0.0501275 0.0439607 -0.131959 0.98901
1609226541.906803608 16.9171 1.44013 -4.87354 -0.0608338 0.0407662 -0.136767 0.987893
1609226542.007701635 16.9999 1.43553 -4.90596 -0.074632 0.0349396 -0.145301 0.98595
1609226542.108523846 17.078 1.41769 -4.9172 -0.0864881 0.0337328 -0.155476 0.983468
1609226542.209442616 17.1645 1.40927 -4.92864 -0.0998662 0.0366133 -0.158765 0.98157
1609226542.310317516 17.2708 1.40288 -4.93958 -0.115315 0.0355296 -0.162644 0.979279
1609226542.411151171 17.4042 1.37757 -4.93007 -0.126847 0.0331003 -0.16701 0.977201
1609226542.511994839 17.5231 1.38033 -4.94969 -0.134233 0.0327272 -0.169771 0.97575
1609226542.612977982 17.5851 1.37539 -4.95552 -0.140817 0.0303346 -0.170532 0.974766
1609226542.713745594 17.6454 1.3692 -4.9519 -0.14363 0.0250869 -0.173284 0.974019
1609226542.814571381 17.7285 1.36123 -4.96804 -0.143259 0.0163935 -0.174863 0.973977
1609226542.915455818 17.8429 1.36438 -4.9765 -0.142355 0.0143477 -0.170908 0.974843
1609226543.016403675 17.9298 1.34237 -5.03976 -0.150462 0.008901 -0.170018 0.973846
1609226543.117088795 18.0308 1.34595 -5.06676 -0.16364 0.00418902 -0.167677 0.972157
1609226543.217976093 18.1364 1.3616 -5.02232 -0.17012 0.00348532 -0.159635 0.972401
1609226543.318862438 18.2549 1.33512 -5.01513 -0.165421 0.00315215 -0.149352 0.974843
1609226543.419600010 18.3609 1.3055 -5.0529 -0.166501 0.00516263 -0.142983 0.975606
1609226543.520501614 18.4341 1.30833 -5.09195 -0.175682 0.00962433 -0.136899 0.974834
1609226543.621396303 18.557 1.32541 -5.12219 -0.179816 0.0118267 -0.128948 0.97514
1609226543.722232342 18.6886 1.32636 -5.15945 -0.178064 0.00901144 -0.124207 0.976107
1609226543.823035479 18.8145 1.32012 -5.19928 -0.175945 0.00669906 -0.121678 0.976828
1609226543.923882961 18.9334 1.32053 -5.21964 -0.176315 0.00925186 -0.117162 0.977292
1609226544.024742603 18.9926 1.30477 -5.24623 -0.183604 0.00975482 -0.116952 0.97597
1609226544.125603199 19.049 1.32402 -5.25902 -0.188545 0.00604649 -0.117965 0.974935
1609226544.226536751 19.1872 1.32158 -5.27878 -0.188453 0.000644988 -0.115097 0.975314
1609226544.327325106 19.3685 1.28105 -5.3389 -0.189117 0.00663753 -0.10629 0.976162
1609226544.428245544 19.5071 1.26305 -5.38919 -0.189714 0.00525388 -0.111917 0.975426
1609226544.529112816 19.5898 1.25784 -5.39479 -0.191561 0.00575535 -0.11041 0.975234
1609226544.629967690 19.6689 1.25309 -5.424 -0.193036 -0.00112965 -0.105582 0.975494
1609226544.730829000 19.7964 1.24399 -5.47275 -0.190184 -0.00628664 -0.0981304 0.976812
1609226544.831609964 19.9017 1.23049 -5.50537 -0.180573 -0.00930363 -0.0880331 0.97957
1609226544.932549953 19.9916 1.22688 -5.48733 -0.173905 -0.0104514 -0.0822528 0.981266
1609226545.033349991 20.0913 1.22432 -5.5124 -0.178511 -0.0104717 -0.08517 0.980189
1609226545.134237528 20.1977 1.20498 -5.55058 -0.180638 -0.00862752 -0.0843959 0.979884
1609226545.235076189 20.3206 1.17049 -5.59382 -0.1674 -0.00877975 -0.0710986 0.983283
1609226545.335934639 20.4214 1.15692 -5.60328 -0.156944 -0.00911902 -0.0604035 0.985716
1609226545.436796188 20.5305 1.14238 -5.64902 -0.154854 -0.00484159 -0.0596412 0.986124
1609226545.537659168 20.6113 1.14045 -5.65847 -0.156087 0.0035342 -0.0578671 0.98604
1609226545.638516188 20.7292 1.13451 -5.68031 -0.156538 -0.000213811 -0.0550946 0.986134
1609226545.739388943 20.8512 1.11137 -5.71224 -0.152078 -0.00572368 -0.0476155 0.987204
1609226545.840238094 20.9797 1.10967 -5.73428 -0.144323 -0.00607037 -0.0362479 0.988848
1609226545.941102505 21.0768 1.10384 -5.7637 -0.136803 -0.0126786 -0.0273374 0.99014
1609226546.041956425 21.168 1.10188 -5.75168 -0.134198 -0.00466871 -0.0242382 0.990647
1609226546.142815351 21.2643 1.08565 -5.8066 -0.133304 -0.00480735 -0.0271755 0.990691
1609226546.243726254 21.3651 1.07319 -5.83587 -0.130685 -0.0133349 -0.0291745 0.990905
1609226546.344605684 21.5036 1.0592 -5.84025 -0.127056 -0.00717392 -0.0187956 0.991692
1609226546.445452690 21.5911 1.05052 -5.90246 -0.12394 -0.010352 -0.0225629 0.991979
1609226546.546302795 21.6932 1.04154 -5.88875 -0.121446 -0.0162516 -0.0252129 0.992145
1609226546.647149563 21.8218 1.03929 -5.91408 -0.117933 -0.0200551 -0.0207059 0.992603
1609226546.748034000 21.9268 1.05105 -5.95171 -0.109663 -0.0211315 -0.0176835 0.993587
1609226546.848886728 22.0465 1.05448 -5.96019 -0.103661 -0.0128267 -0.00843035 0.994494
1609226546.949747562 22.1395 1.05884 -5.99236 -0.101123 -0.0169235 -0.00668507 0.994708
1609226547.050563335 22.2548 1.06164 -5.96886 -0.10514 -0.0034201 -0.00718461 0.994426
1609226547.151506901 22.3714 1.06032 -6.00134 -0.114236 -0.000940992 -0.00967955 0.993406
1609226547.252360582 22.4947 1.04815 -6.03148 -0.11936 0.00161595 -0.00742184 0.992822
1609226547.353270531 22.622 1.03086 -6.09146 -0.115416 0.00347898 0.00449143 0.993301
1609226547.454092026 22.7146 1.03404 -6.11581 -0.106896 0.00851426 0.0108057 0.994175
1609226547.554913521 22.8022 1.03656 -6.12038 -0.104713 0.0141579 0.0109003 0.994342
1609226547.655777216 22.888 1.04983 -6.14995 -0.111832 0.0200973 0.00916205 0.993482
1609226547.756637573 23.0204 1.03781 -6.16532 -0.115446 0.0182831 0.00718694 0.99312
1609226547.857511044 23.16 1.0279 -6.21831 -0.103627 0.0166296 0.013681 0.994383
1609226547.958382368 23.2636 1.04767 -6.2171 -0.0928507 0.0180382 0.0183997 0.995347
1609226548.059243202 23.3596 1.05472 -6.21256 -0.0908486 0.0289068 0.0155356 0.995324
1609226548.160043955 23.4766 1.06162 -6.27362 -0.090761 0.035445 0.0147811 0.995132
1609226548.260962009 23.5896 1.07179 -6.33992 -0.0853144 0.030634 0.0197872 0.995686
1609226548.361811161 23.7171 1.08398 -6.36716 -0.077207 0.0390907 0.0312949 0.995757
1609226548.462683201 23.7714 1.09918 -6.41352 -0.0701682 0.0357233 0.0358037 0.996252
1609226548.563530922 23.9037 1.11433 -6.41614 -0.0664357 0.0365972 0.0384232 0.996379
1609226548.664398193 24.0191 1.12694 -6.46079 -0.0657419 0.0435694 0.0422249 0.99599
1609226548.765166283 24.1398 1.13911 -6.49679 -0.0629313 0.04705 0.0490838 0.995699
1609226548.866047144 24.263 1.14713 -6.5235 -0.0540336 0.0537425 0.0636523 0.995058
1609226548.966901779 24.3576 1.15233 -6.54264 -0.0394395 0.0428015 0.0721887 0.995691
1609226549.067825317 24.4401 1.1794 -6.56012 -0.0269637 0.0399904 0.0759754 0.995943
1609226549.168637276 24.5651 1.1751 -6.60288 -0.0236805 0.0412818 0.0821679 0.995482
1609226549.269549370 24.6758 1.18144 -6.61841 -0.021499 0.0330973 0.0860133 0.995512
1609226549.370368958 24.7942 1.17938 -6.59134 -0.0222357 0.0390578 0.0942345 0.994535
1609226549.471281528 24.8916 1.1784 -6.6646 -0.0225979 0.0242074 0.0951603 0.994911
1609226549.572157860 24.9926 1.20746 -6.8422 -0.0225413 0.00274721 0.094743 0.995243
1609226549.672998190 25.1469 1.22811 -6.9532 -0.018668 -0.00120488 0.103173 0.994487
1609226549.773865223 25.2636 1.24329 -6.99742 -0.00765199 -0.00127016 0.111489 0.993735
1609226549.874646664 25.3405 1.26857 -7.05546 0.0033537 0.0021715 0.118669 0.992926
1609226549.975568295 25.3534 1.26162 -7.04816 0.0139569 0.00727082 0.117686 0.992926
1609226550.076461792 25.4611 1.2755 -7.05581 0.0177718 -0.00301215 0.114663 0.993241
1609226550.177300453 25.5895 1.28224 -6.98778 0.0176721 0.000193161 0.114527 0.993263
1609226550.278109789 25.6869 1.29712 -7.02683 0.0207435 -0.00183124 0.116223 0.993005
1609226550.379047871 25.8358 1.2987 -7.07857 0.0237817 0.00129531 0.120154 0.99247
1609226550.479895830 25.9409 1.29171 -7.04211 0.0205173 0.0154834 0.121382 0.992273
1609226550.580866575 26.13 1.27675 -6.90131 0.0208467 0.0471764 0.119387 0.991507
1609226550.681546688 26.2234 1.29804 -6.87545 0.0239562 0.0638317 0.123713 0.989973
1609226550.782429695 26.3296 1.31296 -6.95667 0.0286269 0.061435 0.131256 0.989029
1609226550.883265018 26.424 1.32717 -7.0809 0.0376865 0.0612419 0.137576 0.987877
1609226550.984127522 26.5297 1.34164 -7.16516 0.0455559 0.0596606 0.143293 0.986829
1609226551.085126877 26.6325 1.36065 -7.20222 0.051283 0.0586308 0.148465 0.985845
1609226551.185964108 26.7373 1.35722 -7.17574 0.052753 0.0589054 0.153881 0.98492
1609226551.286814213 26.8441 1.36233 -7.20547 0.0567488 0.0557961 0.157472 0.984311
1609226551.387654781 26.9641 1.36649 -7.23743 0.0570864 0.0616859 0.164337 0.982817
1609226551.488370419 27.0604 1.37908 -7.26956 0.0569006 0.0620383 0.17299 0.981319
1609226551.589430332 27.1387 1.38858 -7.36251 0.0544264 0.0625849 0.175174 0.981038
1609226551.690280437 27.2301 1.41569 -7.39771 0.0479364 0.0713282 0.174862 0.980835
1609226551.791070938 27.3491 1.43973 -7.42857 0.0383391 0.071513 0.170106 0.982079
1609226551.891922474 27.4846 1.47083 -7.46538 0.030067 0.0744297 0.16505 0.983013
1609226551.992869377 27.6176 1.47014 -7.44871 0.0237976 0.0814529 0.161382 0.983237
1609226552.093684673 27.7115 1.4745 -7.48035 0.018348 0.0792471 0.159597 0.983825
1609226552.194538116 27.8268 1.47958 -7.51714 0.0156 0.0850949 0.160685 0.983207
1609226552.295456409 27.9444 1.48907 -7.5299 0.01662 0.0854036 0.163981 0.982619
1609226552.396290302 28.0283 1.51122 -7.61715 0.0203165 0.0814841 0.166771 0.982413
1609226552.497159719 28.1541 1.51268 -7.66147 0.0200822 0.0928474 0.170955 0.980689
1609226552.597987652 28.2055 1.51568 -7.77056 0.0127166 0.0858869 0.166057 0.982287
1609226552.698816776 28.3037 1.54973 -7.78025 0.000536546 0.0887208 0.156523 0.983681
1609226552.799775600 28.4323 1.56572 -7.69788 -0.00444327 0.097933 0.158002 0.98256
1609226552.900478363 28.5184 1.58128 -7.71168 0.00136681 0.0948784 0.163926 0.981898
1609226553.001452446 28.6641 1.56929 -7.73359 0.00825356 0.100621 0.17313 0.979711
1609226553.102212191 28.7456 1.57946 -7.83477 0.00997332 0.09562 0.173318 0.980162
1609226553.203043222 28.8355 1.59746 -7.84541 0.00801564 0.0937785 0.168347 0.981224
1609226553.303941727 28.9101 1.622 -7.85731 0.0151621 0.097131 0.166507 0.981128
1609226553.404826641 28.9527 1.65571 -7.89043 0.0259117 0.0999506 0.169578 0.980093
1609226553.505767345 29.0646 1.64859 -7.95391 0.0304879 0.102017 0.176407 0.978542
1609226553.606549263 29.1861 1.64781 -7.98476 0.0240536 0.102237 0.181848 0.977702
1609226553.707471848 29.3191 1.6427 -7.99614 0.0180739 0.0957498 0.185514 0.977798
1609226553.808269501 29.4374 1.63686 -8.0312 0.0195221 0.0914851 0.184717 0.97833
1609226553.909162045 29.491 1.64076 -8.01356 0.0274414 0.0976583 0.185154 0.97746
1609226554.010021687 29.5585 1.65392 -8.02932 0.028825 0.0938654 0.189714 0.976917
1609226554.110894203 29.6527 1.66941 -8.09629 0.0229431 0.0837205 0.192643 0.977422
1609226554.211786270 29.7832 1.68435 -8.15446 0.0151321 0.0756722 0.187194 0.979287
1609226554.312702656 29.8477 1.72116 -8.15287 0.00985752 0.0684036 0.177849 0.981628
1609226554.413503647 29.9447 1.73489 -8.12299 0.0098853 0.0748464 0.175943 0.981501
1609226554.514181376 29.9999 1.7633 -8.15121 0.0212502 0.0867956 0.174085 0.980668
1609226554.615171432 30.0732 1.79322 -8.0986 0.0276395 0.100434 0.175036 0.979036
1609226554.716067314 30.1673 1.82 -8.12969 0.0401186 0.116548 0.182776 0.975397
1609226554.816939354 30.2111 1.87573 -8.26109 0.0513534 0.118881 0.18616 0.973948
1609226554.917799473 30.2733 1.90935 -8.35895 0.042472 0.113731 0.179162 0.9763
1609226555.018580437 30.3411 1.94477 -8.41242 0.0154547 0.112189 0.162182 0.980241
1609226555.119516611 30.45 1.99603 -8.35726 -0.0182955 0.126659 0.145258 0.981083
1609226555.220411777 30.5377 2.02151 -8.36412 -0.0305421 0.128357 0.143799 0.980772
1609226555.321226835 30.5831 2.0544 -8.26134 -0.0177886 0.123379 0.155302 0.979971
1609226555.421895266 30.581 2.08636 -8.35513 0.00897588 0.0948442 0.155499 0.983231
1609226555.522876978 30.708 2.11644 -8.28427 0.020802 0.0867975 0.138871 0.98628
1609226555.623677731 30.832 2.18057 -8.34964 0.0214298 0.0941048 0.126876 0.987212
1609226555.724629402 30.9171 2.21419 -8.46932 0.0339863 0.0879289 0.132029 0.986753
1609226555.825443745 31.0088 2.24855 -8.44978 0.0445766 0.102962 0.133948 0.984617
1609226555.926257849 31.0865 2.3052 -8.52963 0.0268478 0.124632 0.127237 0.983645
1609226556.027120113 31.1666 2.346 -8.58771 0.00540271 0.130235 0.12446 0.983626
1609226556.127964497 31.2323 2.38799 -8.57122 0.0048711 0.116288 0.130059 0.984651
1609226556.228851795 31.3669 2.41521 -8.51529 0.00782312 0.113775 0.140372 0.983509
1609226556.329709053 31.4262 2.45687 -8.59595 0.0102987 0.114792 0.140032 0.983416
1609226556.430563927 31.4838 2.49255 -8.70525 0.021133 0.0937131 0.138984 0.985624
1609226556.531452417 31.538 2.50382 -8.75957 0.0454336 0.064279 0.144365 0.986389
1609226556.632284164 31.6688 2.51895 -8.60901 0.0466233 0.0629439 0.138921 0.987201
1609226556.733144283 31.8083 2.54133 -8.589 0.029103 0.0775421 0.12619 0.988542
1609226556.833959818 31.8789 2.55716 -8.68288 0.0251352 0.0911613 0.134699 0.986364
1609226556.934807301 31.9437 2.57742 -8.81133 0.0206738 0.0936227 0.140728 0.985395
1609226557.035735130 32.0518 2.60953 -8.77241 0.0120682 0.0982723 0.139839 0.985212
1609226557.136596918 32.1319 2.644 -8.77692 0.00745769 0.107456 0.140977 0.984136
1609226557.237390995 32.2241 2.67586 -8.81645 0.00844763 0.113448 0.145299 0.982826
1609226557.338252544 32.3471 2.70788 -8.85229 0.0155794 0.125445 0.150784 0.980451
1609226557.439109087 32.4049 2.74113 -8.8986 0.0176393 0.13379 0.153711 0.978858
1609226557.540017128 32.4741 2.76556 -8.94573 0.0154349 0.131469 0.147728 0.98013
1609226557.640889406 32.561 2.77433 -8.93915 0.0124564 0.129259 0.145379 0.980817
1609226557.741754055 32.6687 2.79232 -8.94664 0.00758133 0.132701 0.147088 0.980152
1609226557.842606306 32.7693 2.80975 -8.98441 0.0065528 0.13678 0.15833 0.977844
1609226557.943428040 32.8281 2.83874 -9.0378 0.00827952 0.131772 0.169628 0.976624
1609226558.044341564 32.9041 2.86637 -9.06263 0.00998056 0.134626 0.172102 0.975785
1609226558.145192146 32.9929 2.88576 -9.09849 0.00472698 0.144708 0.168886 0.974943
1609226558.246054173 33.0857 2.91523 -9.12467 0.000332107 0.157081 0.16523 0.973665
1609226558.346919060 33.1593 2.94945 -9.18275 0.00706228 0.157921 0.170103 0.972664
1609226558.447785378 33.2329 2.97103 -9.23542 0.0328576 0.150169 0.17536 0.972429
1609226558.548583508 33.3056 2.99504 -9.20826 0.0451104 0.153873 0.173246 0.971738
1609226558.649469376 33.3966 3.01655 -9.28128 0.0294584 0.170271 0.165555 0.970944
1609226558.750346661 33.4615 3.03513 -9.31811 0.0188542 0.176318 0.162493 0.970645
1609226558.851210594 33.5285 3.06615 -9.35047 0.0161407 0.168 0.157338 0.973016
1609226558.952080250 33.6211 3.08871 -9.36595 0.0140274 0.161593 0.164077 0.973021
1609226559.052938461 33.7135 3.11939 -9.38889 0.00836328 0.159298 0.164726 0.973355
1609226559.153809071 33.7878 3.14308 -9.42535 0.00444378 0.162619 0.163659 0.973011
1609226559.254606247 33.8507 3.16834 -9.43206 0.00110898 0.177247 0.16184 0.970768
1609226559.355460644 33.9352 3.19771 -9.46989 -0.00507301 0.189436 0.158718 0.968967
1609226559.456405878 34.0196 3.20944 -9.543 -0.00156488 0.189321 0.159898 0.968807
1609226559.557385683 34.0883 3.24372 -9.57622 0.00448943 0.194173 0.162342 0.967431
1609226559.658105373 34.1737 3.27054 -9.57439 0.00620865 0.20586 0.16231 0.965007
1609226559.758915424 34.261 3.28803 -9.62267 0.00599935 0.206142 0.163574 0.964735
1609226559.859821796 34.3511 3.31867 -9.63612 0.0104709 0.203237 0.165324 0.965015
1609226559.960707664 34.4443 3.33199 -9.63533 0.0118817 0.205082 0.167059 0.964309
1609226560.061567783 34.5289 3.35394 -9.67842 0.0107808 0.208543 0.167156 0.963562
1609226560.162401199 34.6114 3.3671 -9.70457 0.00839801 0.211592 0.168936 0.96261
1609226560.263264656 34.6974 3.38672 -9.76129 0.00552994 0.208955 0.168728 0.963244
1609226560.364091873 34.7915 3.41947 -9.79534 0.00558507 0.219455 0.167167 0.961178
1609226560.464985609 34.8857 3.44253 -9.84207 0.00564877 0.226858 0.165619 0.959726
1609226560.565822124 34.9999 3.46835 -9.87834 -0.00178321 0.241415 0.167515 0.955853
1609226560.666728735 35.064 3.48693 -9.92717 -0.00752556 0.251434 0.170609 0.952689
1609226560.767548323 35.1321 3.51582 -9.95461 -0.00831128 0.256775 0.1706 0.951259
1609226560.868435860 35.2086 3.54128 -9.97643 -0.0131502 0.250468 0.162367 0.954322
1609226560.969290257 35.2833 3.57376 -9.99925 -0.0234555 0.248469 0.153061 0.956183
1609226561.070124388 35.3824 3.59142 -10.0258 -0.0303854 0.247338 0.153122 0.956271
1609226561.170987129 35.4966 3.58877 -10.0739 -0.029541 0.242089 0.159954 0.956522
1609226561.271871328 35.5758 3.59586 -10.0858 -0.0311968 0.23756 0.166394 0.956507
1609226561.372742653 35.6406 3.61866 -10.1306 -0.0339514 0.227709 0.173319 0.957578
1609226561.473608017 35.7405 3.64328 -10.1584 -0.0351139 0.224106 0.178482 0.957438
1609226561.574479342 35.8287 3.66542 -10.1877 -0.0388932 0.217217 0.181032 0.9584
1609226561.675245762 35.9219 3.69004 -10.2138 -0.0453917 0.210213 0.180795 0.95972
1609226561.776185513 35.9849 3.71222 -10.2374 -0.059118 0.202164 0.181151 0.960635
1609226561.876997471 36.0942 3.72813 -10.2552 -0.0727164 0.203039 0.173384 0.96095
1609226561.977904797 36.1972 3.74681 -10.2795 -0.086442 0.20777 0.17158 0.959124
1609226562.078747749 36.2858 3.76518 -10.3351 -0.0935148 0.194793 0.171062 0.961274
1609226562.179569483 36.4091 3.78942 -10.3354 -0.0802867 0.174702 0.178465 0.964978
1609226562.280553818 36.4918 3.8064 -10.3937 -0.0596637 0.162293 0.187948 0.966839
1609226562.381410599 36.563 3.83426 -10.4913 -0.0602216 0.156546 0.191421 0.96707
1609226562.482263088 36.6753 3.85353 -10.4941 -0.0764886 0.157946 0.196253 0.964721
1609226562.583131313 36.768 3.87595 -10.5197 -0.0814256 0.153755 0.206844 0.96278
1609226562.683927536 36.865 3.90638 -10.5505 -0.0767053 0.152473 0.218742 0.960739
1609226562.784912109 36.9553 3.94313 -10.5629 -0.0691117 0.148841 0.226132 0.960174
1609226562.885628700 37.0458 3.97655 -10.6239 -0.056004 0.144408 0.228952 0.961036
1609226562.986521482 37.1301 4.00525 -10.655 -0.0511835 0.141021 0.229363 0.96171
1609226563.087367058 37.2288 4.04076 -10.693 -0.0533671 0.135416 0.230367 0.962157
1609226563.188388824 37.3354 4.07515 -10.7153 -0.0596901 0.133067 0.229657 0.962283
1609226563.289160728 37.4176 4.09086 -10.7458 -0.060438 0.134085 0.234995 0.960805
1609226563.389905930 37.5061 4.10844 -10.8042 -0.0539613 0.132026 0.25318 0.956848
1609226563.490794659 37.613 4.13752 -10.8419 -0.0476011 0.123364 0.27447 0.952461
1609226563.591647387 37.7284 4.17525 -10.8692 -0.0444011 0.107216 0.286752 0.95095
1609226563.692592382 37.8169 4.22577 -10.9175 -0.038448 0.104535 0.294647 0.949093
1609226563.793343067 37.91 4.26587 -10.954 -0.0383183 0.106117 0.296 0.948501
1609226563.894222736 37.9801 4.30178 -10.9787 -0.0410501 0.104887 0.294532 0.948981
1609226563.995179176 38.0842 4.34593 -11.0047 -0.0447455 0.102829 0.295856 0.948627
1609226564.096030712 38.1918 4.39759 -11.0143 -0.0453642 0.111418 0.295048 0.947879
1609226564.196966648 38.2951 4.43861 -11.0223 -0.032253 0.120642 0.290589 0.948664
1609226564.297760487 38.3913 4.46827 -11.0863 -0.0123265 0.114552 0.296347 0.948106
1609226564.398597956 38.489 4.49521 -11.161 -0.00179866 0.112548 0.303293 0.946226
1609226564.499433994 38.6152 4.53885 -11.1884 -0.00694562 0.119419 0.308777 0.943582
1609226564.600306749 38.6765 4.58033 -11.2238 -0.0146297 0.120084 0.299121 0.946516
1609226564.701208115 38.7669 4.62797 -11.288 -0.0164189 0.122016 0.303756 0.944762
1609226564.801975727 38.8627 4.68291 -11.3129 -0.0189522 0.122046 0.3109 0.942384
1609226564.902904987 38.9267 4.73856 -11.3546 -0.0242584 0.108277 0.311494 0.943747
1609226565.003758907 39.0414 4.79256 -11.3707 -0.0268332 0.111359 0.323008 0.939439
1609226565.104707718 39.141 4.83499 -11.4429 -0.0300709 0.103186 0.328811 0.93826
1609226565.205518484 39.2248 4.87718 -11.4721 -0.0400156 0.102404 0.327709 0.93836
1609226565.306374311 39.3177 4.92823 -11.5045 -0.0438142 0.113103 0.331222 0.935724
1609226565.407199383 39.4181 4.97514 -11.5776 -0.0445029 0.123011 0.33555 0.932895
1609226565.508134365 39.5195 5.01621 -11.59 -0.0534878 0.142147 0.341453 0.927547
1609226565.609010696 39.618 5.05635 -11.6326 -0.0570444 0.15574 0.343681 0.924324
1609226565.709802151 39.7178 5.1189 -11.6342 -0.0662009 0.166296 0.340552 0.923032
1609226565.810592175 39.8069 5.18031 -11.6842 -0.0567181 0.170981 0.33956 0.923173
1609226565.911410332 39.9082 5.23558 -11.7194 -0.0425883 0.172658 0.340291 0.923351
1609226566.012372971 39.9834 5.28181 -11.7313 -0.0302759 0.170485 0.338525 0.924889
1609226566.113140583 40.0793 5.32036 -11.7719 -0.0137839 0.169012 0.335793 0.926547
1609226566.214092016 40.1668 5.3718 -11.8123 -0.000224394 0.171748 0.330487 0.928052
1609226566.314871550 40.2307 5.41152 -11.8933 0.00925385 0.176154 0.32947 0.927542
1609226566.415741920 40.3158 5.46228 -11.9207 0.0126256 0.188781 0.332531 0.923918
1609226566.516770363 40.4397 5.5082 -11.9421 0.0136684 0.202805 0.333347 0.920632
1609226566.617552280 40.553 5.5563 -11.9736 0.0158001 0.215695 0.331726 0.918251
1609226566.718261957 40.6227 5.61145 -12.0229 0.0186371 0.229571 0.329917 0.91548
1609226566.819226265 40.6988 5.67163 -12.0649 0.025381 0.238832 0.328201 0.913564
1609226566.920041323 40.7789 5.72751 -12.0948 0.0308245 0.242052 0.327855 0.912673
1609226567.020879745 40.8695 5.77939 -12.1418 0.0340085 0.241709 0.329697 0.911987
1609226567.121838570 40.9723 5.82938 -12.1808 0.0348408 0.246644 0.330171 0.910461
1609226567.222650051 41.1109 5.88103 -12.228 0.0419984 0.25311 0.325609 0.910028
1609226567.323554993 41.2094 5.93353 -12.252 0.0555955 0.261981 0.31757 0.909629
1609226567.424284458 41.3098 5.9702 -12.2855 0.071265 0.269488 0.31397 0.90759
1609226567.525258541 41.4149 6.01445 -12.3068 0.0847711 0.275347 0.318064 0.903235
1609226567.626116991 41.4647 6.06321 -12.3358 0.0858929 0.271681 0.322046 0.902828
1609226567.726935387 41.584 6.11941 -12.3882 0.0789231 0.277162 0.331732 0.89828
1609226567.827723503 41.6698 6.19131 -12.4452 0.0811377 0.279247 0.337893 0.895135
1609226567.928630829 41.768 6.27237 -12.4892 0.0851286 0.283369 0.345995 0.890361
1609226568.029458523 41.8833 6.35274 -12.5257 0.0899574 0.291216 0.351544 0.885165
1609226568.130299091 42.0069 6.44395 -12.5713 0.0932673 0.296513 0.369752 0.875594
1609226568.231162071 42.0729 6.51654 -12.5742 0.100335 0.294115 0.378607 0.871829
1609226568.332046747 42.1471 6.57841 -12.5855 0.105084 0.288492 0.390214 0.868022
1609226568.432881355 42.2374 6.65586 -12.615 0.101646 0.289375 0.410241 0.858855
1609226568.533791542 42.2955 6.73124 -12.6142 0.0982492 0.28274 0.424571 0.854485
1609226568.634652376 42.3444 6.80157 -12.6339 0.0955684 0.277638 0.437616 0.849868
1609226568.735527754 42.4014 6.88329 -12.6455 0.0921881 0.277393 0.446634 0.845619
1609226568.836326599 42.4528 6.96231 -12.6693 0.0902981 0.276013 0.454632 0.842006
1609226568.937320232 42.5207 7.0377 -12.6927 0.0858932 0.275434 0.462353 0.838444
1609226569.038046360 42.6089 7.13611 -12.7387 0.0795178 0.274451 0.479597 0.829663
1609226569.138903618 42.6672 7.2285 -12.7724 0.0789667 0.271331 0.496689 0.820636
1609226569.239755392 42.7163 7.2977 -12.7916 0.0867134 0.259445 0.514137 0.812916
1609226569.340629101 42.7673 7.38405 -12.8087 0.0973069 0.250867 0.52913 0.804747
1609226569.441497326 42.8182 7.44906 -12.8214 0.0981252 0.239176 0.542572 0.799238
1609226569.542359352 42.8724 7.51395 -12.8459 0.0910057 0.231791 0.554139 0.794305
1609226569.643211365 42.9413 7.5963 -12.8661 0.0821605 0.224196 0.571037 0.785431
1609226569.744073391 42.9983 7.67956 -12.8796 0.0753809 0.213285 0.582669 0.780592
1609226569.844926834 43.0444 7.76668 -12.8973 0.0664015 0.204432 0.590276 0.778057
1609226569.945727348 43.1275 7.89486 -12.9394 0.0619854 0.19724 0.595893 0.775993
1609226570.046661854 43.1543 7.94204 -12.959 0.0708984 0.195663 0.586416 0.782819
1609226570.147523403 43.1842 7.98836 -12.9573 0.0743528 0.197022 0.575682 0.790091
1609226570.248312473 43.2266 8.07817 -12.9693 0.0733809 0.195137 0.575451 0.790818
1609226570.349215984 43.2957 8.15931 -12.9978 0.07822 0.191312 0.573935 0.792389
1609226570.450039387 43.3553 8.23879 -13.0237 0.0897633 0.186548 0.571826 0.793825
1609226570.550896645 43.4226 8.33192 -13.04 0.0997807 0.185822 0.571468 0.793056
1609226570.651754856 43.4882 8.43531 -13.0425 0.0982865 0.186333 0.575361 0.790304
1609226570.752591610 43.5371 8.54093 -13.0251 0.0902453 0.176333 0.581896 0.788771
1609226570.853452444 43.5788 8.63994 -13.0333 0.0780698 0.166534 0.589611 0.786467
1609226570.954371929 43.6216 8.75723 -13.0759 0.0775634 0.170684 0.597011 0.780018
1609226571.055264473 43.6852 8.83428 -13.0586 0.0820402 0.171043 0.602372 0.775346
1609226571.156153202 43.7414 8.92445 -13.0629 0.0909377 0.164213 0.602373 0.775829
1609226571.256976604 43.7928 9.0217 -13.063 0.102476 0.158369 0.609144 0.7703
1609226571.357827187 43.8217 9.1303 -13.0953 0.124727 0.160961 0.615354 0.761495
1609226571.458689213 43.8683 9.20838 -13.0848 0.140648 0.161005 0.617193 0.757211
1609226571.559603214 43.9359 9.31721 -13.0605 0.146135 0.155596 0.623178 0.752385
1609226571.660448551 43.9749 9.40497 -13.0469 0.144354 0.148722 0.628677 0.749539
1609226571.761296988 44.0144 9.50342 -13.0496 0.141683 0.151431 0.628842 0.749368
1609226571.862117767 44.0573 9.59137 -13.0654 0.14596 0.156947 0.624821 0.750774
1609226571.962964535 44.0982 9.70232 -13.0482 0.155896 0.158389 0.625022 0.748302
1609226572.063878536 44.1316 9.79195 -13.0495 0.169563 0.154963 0.622724 0.747964
1609226572.164748192 44.179 9.88361 -13.0337 0.178729 0.156913 0.625092 0.743435
1609226572.265592813 44.2353 9.99019 -13.0262 0.176372 0.169546 0.633994 0.73362
1609226572.366475344 44.2731 10.0762 -13.031 0.174901 0.175054 0.643586 0.724267
1609226572.467312574 44.3023 10.1726 -13.0392 0.173362 0.174456 0.650591 0.7185
1609226572.568173885 44.3209 10.292 -13.0077 0.171565 0.174963 0.659596 0.710554
1609226572.669036865 44.3585 10.3826 -13.0263 0.169321 0.168329 0.667908 0.704907
1609226572.769917488 44.388 10.4808 -13.0132 0.170527 0.167388 0.6729 0.700077
1609226572.870749474 44.4051 10.5859 -13.0087 0.178057 0.173066 0.676149 0.693662
1609226572.971613884 44.4386 10.6871 -12.9908 0.181987 0.179724 0.681966 0.685202
1609226573.072477341 44.4624 10.7923 -13.0061 0.189899 0.17809 0.68752 0.677892
1609226573.173335314 44.4873 10.8868 -13.0108 0.197883 0.177352 0.69723 0.665777
1609226573.274145126 44.5058 10.9841 -13.0025 0.197908 0.18403 0.708794 0.651596
1609226573.375068188 44.5294 11.0712 -12.9639 0.202096 0.19213 0.710822 0.645736
1609226573.475879669 44.5552 11.1639 -12.9707 0.212301 0.193423 0.70989 0.643096
1609226573.576758862 44.5858 11.2814 -12.9653 0.217505 0.191408 0.714754 0.636539
1609226573.677546263 44.579 11.377 -12.9548 0.221019 0.181772 0.714012 0.638981
1609226573.778446436 44.592 11.4786 -12.9498 0.221545 0.182849 0.71255 0.640122
1609226573.879304409 44.6157 11.5884 -12.9272 0.218992 0.188639 0.713105 0.638701
1609226573.980176926 44.6431 11.6909 -12.9154 0.214934 0.182483 0.720902 0.63309
1609226574.081086874 44.6389 11.756 -12.9026 0.222377 0.171158 0.719007 0.635832
1609226574.181938171 44.6388 11.854 -12.9112 0.228149 0.17547 0.719001 0.63261
1609226574.282868385 44.6591 11.9817 -12.8982 0.227541 0.185372 0.722365 0.62614
1609226574.383619070 44.6873 12.0805 -12.8722 0.225453 0.187054 0.725126 0.623197
1609226574.484590769 44.7115 12.1789 -12.8457 0.219169 0.184783 0.730526 0.6198
1609226574.585431099 44.722 12.2879 -12.8527 0.213558 0.175315 0.73864 0.614873
1609226574.686267376 44.705 12.4028 -12.8269 0.219802 0.172004 0.739 0.613173
1609226574.787262440 44.7099 12.5122 -12.8154 0.229064 0.178864 0.735754 0.611722
1609226574.887963772 44.7104 12.6386 -12.828 0.235105 0.181039 0.73457 0.610211
1609226574.988827705 44.712 12.7366 -12.7901 0.237748 0.180568 0.738454 0.604613
1609226575.089675903 44.7093 12.8038 -12.7663 0.242802 0.171231 0.74077 0.602484
1609226575.190502167 44.7235 12.911 -12.7738 0.245271 0.171148 0.749916 0.590065
1609226575.291512966 44.7304 12.9983 -12.7631 0.252495 0.176768 0.754217 0.57979
1609226575.392324924 44.7326 13.0759 -12.7264 0.262436 0.18173 0.744079 0.586897
1609226575.493116140 44.751 13.1882 -12.6904 0.266366 0.185227 0.738562 0.590987
1609226575.593984604 44.7519 13.2717 -12.6577 0.26363 0.184125 0.740268 0.590423
1609226575.694842339 44.7348 13.4014 -12.6566 0.245187 0.174783 0.74188 0.599123
1609226575.795783043 44.7267 13.5006 -12.6244 0.230276 0.173697 0.735341 0.61325
1609226575.896617889 44.7237 13.6262 -12.6317 0.22613 0.167086 0.736086 0.615731
1609226575.997520447 44.7486 13.7613 -12.6304 0.223275 0.168531 0.743402 0.607535
1609226576.098383427 44.7432 13.8384 -12.6015 0.228539 0.171388 0.740659 0.608128
1609226576.199141026 44.7441 13.9224 -12.5831 0.24106 0.172824 0.737388 0.606862
1609226576.299978495 44.7601 14.0589 -12.5608 0.251443 0.181728 0.739 0.598021
1609226576.400879145 44.753 14.1662 -12.5462 0.258179 0.194111 0.737215 0.593446
1609226576.501786947 44.7399 14.2508 -12.5052 0.263996 0.20534 0.731136 0.594628
1609226576.602540731 44.711 14.3433 -12.4695 0.265762 0.212884 0.726854 0.596434
1609226576.703495979 44.7012 14.4773 -12.4912 0.26244 0.215988 0.73074 0.592024
1609226576.804325104 44.7146 14.6126 -12.4977 0.267867 0.217438 0.731087 0.588625
1609226576.905164003 44.7173 14.6944 -12.469 0.277424 0.22521 0.722038 0.592434
1609226577.006130219 44.697 14.7777 -12.435 0.294272 0.232106 0.709575 0.596686
1609226577.106871605 44.6951 14.8912 -12.4186 0.305094 0.234375 0.702098 0.599203
1609226577.207734585 44.6981 15.0445 -12.4685 0.308077 0.222382 0.702536 0.601729
1609226577.308578014 44.7087 15.1401 -12.4692 0.30512 0.217913 0.70503 0.601954
1609226577.409425020 44.7214 15.2654 -12.4764 0.292552 0.21274 0.711938 0.601913
1609226577.510288715 44.7118 15.3849 -12.4736 0.290913 0.207203 0.712047 0.604505
1609226577.611152172 44.73 15.5055 -12.4266 0.291872 0.201613 0.711439 0.606644
1609226577.712047100 44.7387 15.6371 -12.3785 0.303638 0.201654 0.70569 0.60757
1609226577.813028097 44.7621 15.7394 -12.3962 0.314052 0.209038 0.699517 0.606918
1609226577.913714886 44.7471 15.8444 -12.3904 0.326993 0.222467 0.690123 0.606065
1609226578.014589071 44.7084 15.9454 -12.3722 0.337187 0.224687 0.688279 0.601742
1609226578.115474701 44.7286 16.054 -12.3496 0.344172 0.2129 0.689883 0.600233
1609226578.216413021 44.7729 16.174 -12.3516 0.345178 0.202976 0.690607 0.602258
1609226578.317289591 44.7845 16.2871 -12.368 0.351878 0.203517 0.687267 0.602018
1609226578.418045044 44.7768 16.3974 -12.3729 0.354466 0.200141 0.685395 0.603764
1609226578.518899441 44.7862 16.5094 -12.342 0.35877 0.194566 0.684669 0.603868
1609226578.619782925 44.7794 16.6076 -12.2926 0.36821 0.190905 0.681926 0.602457
1609226578.720665455 44.7959 16.7001 -12.249 0.374829 0.194175 0.678139 0.601603
1609226578.821439266 44.7956 16.831 -12.2572 0.376015 0.193928 0.670585 0.60936
1609226578.922355175 44.8086 16.9685 -12.2533 0.367433 0.197421 0.669262 0.614903
1609226579.023221970 44.8239 17.0953 -12.2764 0.370209 0.190138 0.670013 0.614715
1609226579.124228954 44.8377 17.2252 -12.2814 0.383767 0.17712 0.674031 0.605833
1609226579.225097418 44.8524 17.3438 -12.2599 0.389676 0.178845 0.68023 0.59452
1609226579.325830221 44.8769 17.4277 -12.232 0.387901 0.190041 0.680453 0.591947
1609226579.426715374 44.8828 17.5081 -12.1982 0.385505 0.198684 0.675866 0.595916
1609226579.527590513 44.8536 17.6118 -12.1609 0.381418 0.191659 0.666487 0.611214
1609226579.628457785 44.8414 17.7347 -12.1046 0.372683 0.177918 0.668403 0.618619
1609226579.729247093 44.839 17.8533 -12.0907 0.358963 0.158709 0.674363 0.625453
1609226579.830121517 44.8306 17.9803 -12.0687 0.363843 0.157696 0.669418 0.628195
1609226579.930955648 44.8346 18.0817 -12.0804 0.375571 0.155109 0.676008 0.614737
1609226580.031813145 44.8507 18.1513 -12.0764 0.38441 0.148068 0.670262 0.617296
1609226580.132666349 44.8325 18.2445 -12.0851 0.385244 0.131875 0.658198 0.633223
1609226580.233480930 44.8539 18.3545 -12.0464 0.386118 0.124827 0.654468 0.637968
1609226580.334404469 44.8322 18.4519 -12.0353 0.386489 0.131085 0.65955 0.631219
1609226580.435223579 44.7971 18.5513 -12.0152 0.388766 0.157417 0.648687 0.635048
1609226580.536115170 44.8319 18.671 -12.0327 0.385334 0.165235 0.643015 0.640896
1609226580.636949539 44.828 18.7766 -12.0459 0.392824 0.161489 0.645594 0.63468
1609226580.737767935 44.8073 18.8684 -12.005 0.394917 0.16539 0.639939 0.638094
1609226580.838706017 44.8105 19.0069 -11.9832 0.38806 0.166852 0.637689 0.644145
1609226580.939507484 44.8027 19.101 -11.9599 0.370975 0.154888 0.645557 0.649341
1609226581.040411949 44.7879 19.183 -11.9365 0.350807 0.143056 0.639172 0.669275
1609226581.141262054 44.7948 19.2758 -11.9194 0.338318 0.141949 0.632068 0.682555
1609226581.242169857 44.804 19.4082 -11.9138 0.35342 0.148924 0.623861 0.680965
1609226581.342931271 44.8208 19.495 -11.9161 0.363914 0.168023 0.624527 0.670299
1609226581.446905136 44.8325 19.603 -11.8938 0.352513 0.176782 0.61905 0.679161
1609226581.544671535 44.8241 19.717 -11.8797 0.331799 0.164042 0.627549 0.684968
1609226581.645566940 44.8173 19.802 -11.8546 0.327339 0.162469 0.620048 0.694258
1609226581.746383190 44.7889 19.9209 -11.8478 0.354368 0.183076 0.607349 0.687047
1609226581.847242594 44.7984 20.0424 -11.8809 0.388757 0.215278 0.599498 0.665677
1609226581.948098183 44.8113 20.1445 -11.9199 0.408612 0.249028 0.596134 0.644706
1609226582.048958302 44.841 20.1981 -11.8829 0.426771 0.283563 0.586715 0.627076
1609226582.149793625 44.8711 20.2916 -11.8656 0.439189 0.309632 0.585535 0.606952
1609226582.250655651 44.8841 20.3643 -11.8091 0.449374 0.315371 0.588126 0.593895
1609226582.351602554 44.8654 20.4556 -11.7887 0.453305 0.314789 0.589009 0.590331
1609226582.452452421 44.8884 20.5801 -11.7657 0.453756 0.320299 0.582516 0.593455
1609226582.553265572 44.9284 20.7027 -11.7566 0.451821 0.315701 0.583297 0.596619
1609226582.654107809 44.9159 20.7807 -11.755 0.455654 0.300984 0.575586 0.608678
1609226582.754974365 44.9231 20.88 -11.7678 0.463899 0.287813 0.565198 0.618476
1609226582.855881691 44.875 20.9391 -11.7434 0.472723 0.286786 0.554564 0.621889
1609226582.956714392 44.8908 20.9867 -11.7175 0.478836 0.296893 0.549988 0.61651
1609226583.057593822 44.9343 21.0594 -11.7041 0.489397 0.301575 0.541822 0.613166
1609226583.158405781 44.9868 21.1793 -11.7213 0.511229 0.28814 0.533114 0.609434
1609226583.259331465 45.0354 21.2615 -11.7465 0.519731 0.282213 0.530778 0.60705
1609226583.360168934 45.0684 21.3247 -11.7276 0.516389 0.290203 0.531973 0.605086
1609226583.461028099 45.0476 21.4408 -11.7401 0.519925 0.284187 0.541138 0.596729
1609226583.561847687 45.056 21.4956 -11.7196 0.520295 0.296699 0.54147 0.589977
1609226583.662721157 45.0919 21.5704 -11.6927 0.506143 0.311918 0.543487 0.592578
1609226583.763610840 45.0417 21.7028 -11.6939 0.494899 0.306226 0.544479 0.604022
1609226583.864490032 45.0227 21.8022 -11.7128 0.495673 0.29141 0.535288 0.618753
1609226583.965356350 45.0549 21.9105 -11.7263 0.503359 0.276904 0.529269 0.624362
1609226584.066213846 45.0933 21.9586 -11.7068 0.508146 0.282147 0.522323 0.623987
1609226584.167075634 45.1211 22.0318 -11.6888 0.508864 0.290239 0.523804 0.618424
1609226584.267936230 45.1271 22.1435 -11.7036 0.515609 0.283554 0.525016 0.6149
1609226584.368772984 45.173 22.229 -11.7106 0.527572 0.271939 0.521967 0.612591
1609226584.469610214 45.2146 22.2923 -11.6932 0.531475 0.263111 0.526481 0.6092
1609226584.570463419 45.2448 22.3432 -11.6781 0.521342 0.261956 0.536707 0.60953
1609226584.671370506 45.2195 22.4492 -11.6692 0.521345 0.257315 0.53883 0.609631
1609226584.772243023 45.2365 22.5442 -11.6389 0.516362 0.259348 0.541449 0.610689
1609226584.873049259 45.2405 22.6524 -11.6326 0.506575 0.252062 0.550249 0.614063
1609226584.973914146 45.2144 22.7446 -11.6225 0.507796 0.24143 0.544752 0.622174
1609226585.074787140 45.2073 22.8461 -11.6065 0.516633 0.231583 0.53326 0.628565
1609226585.175662041 45.2082 22.913 -11.5738 0.515052 0.228939 0.525291 0.637478
1609226585.276495457 45.2066 22.9989 -11.5474 0.507447 0.223439 0.517987 0.651354
1609226585.377355576 45.1894 23.1078 -11.5246 0.499255 0.212954 0.506543 0.669932
1609226585.478230476 45.1938 23.2219 -11.5173 0.498718 0.196829 0.495204 0.683602
1609226585.579074383 45.2226 23.3009 -11.5046 0.499386 0.186058 0.489172 0.69044
1609226585.679980278 45.2445 23.3988 -11.4897 0.49734 0.181691 0.489747 0.692668
1609226585.780844212 45.2437 23.5195 -11.4797 0.499414 0.177141 0.487048 0.694256
1609226585.881643772 45.2337 23.613 -11.4544 0.498648 0.181043 0.481587 0.697601
1609226585.982552052 45.2271 23.7066 -11.4281 0.485087 0.187003 0.483992 0.703898
1609226586.083358526 45.207 23.8118 -11.4279 0.476462 0.188939 0.478304 0.7131
1609226586.184275150 45.186 23.9441 -11.4102 0.477925 0.190658 0.462166 0.722246
1609226586.285108566 45.1977 24.0611 -11.3965 0.488849 0.190159 0.439655 0.729089
1609226586.385991096 45.205 24.1753 -11.3699 0.499068 0.187012 0.420891 0.734036
1609226586.486810207 45.2224 24.2446 -11.3507 0.49935 0.185385 0.409548 0.740644
1609226586.587792635 45.2353 24.3339 -11.3383 0.502175 0.179257 0.402031 0.744351
1609226586.688529968 45.2459 24.434 -11.3203 0.505906 0.17367 0.40221 0.743052
1609226586.789373875 45.2675 24.529 -11.3175 0.509692 0.174375 0.404145 0.739239
1609226586.890261889 45.2967 24.6566 -11.3075 0.511863 0.180493 0.39782 0.739701
1609226586.991076946 45.3161 24.7828 -11.2887 0.506394 0.189499 0.392138 0.744233
1609226587.092014313 45.3375 24.8996 -11.2813 0.507665 0.184796 0.389422 0.745974
1609226587.192832232 45.3339 24.9988 -11.2702 0.514237 0.177191 0.381479 0.74742
1609226587.293698788 45.3382 25.1243 -11.2771 0.516165 0.169309 0.381372 0.747973
1609226587.394521236 45.3363 25.2429 -11.262 0.507594 0.158477 0.372464 0.760594
1609226587.495429993 45.3503 25.2572 -11.2479 0.500348 0.147848 0.350142 0.777942
1609226587.596302509 45.409 25.3187 -11.2497 0.502169 0.139549 0.333583 0.785541
1609226587.697140455 45.4449 25.3983 -11.2722 0.508563 0.14156 0.327722 0.783532
1609226587.798034668 45.4807 25.4849 -11.2836 0.507988 0.144301 0.334485 0.780541
1609226587.898839951 45.4555 25.6568 -11.281 0.507171 0.151651 0.332247 0.780635
1609226587.999814510 45.4214 25.7909 -11.269 0.506523 0.163167 0.3332 0.778324
1609226588.100755692 45.4592 25.8436 -11.2585 0.513994 0.160321 0.342915 0.769751
1609226588.201552868 45.4524 25.9227 -11.265 0.520336 0.14621 0.333567 0.772403
1609226588.302316189 45.4448 25.953 -11.275 0.51839 0.139103 0.32041 0.78055
1609226588.403243065 45.4707 26.0245 -11.2894 0.516522 0.13609 0.306662 0.787809
1609226588.504033566 45.4847 26.0838 -11.2858 0.510589 0.138603 0.284947 0.799308
1609226588.604892254 45.5161 26.136 -11.2954 0.50661 0.147744 0.267036 0.806356
1609226588.705730677 45.5773 26.1516 -11.296 0.506227 0.155995 0.275592 0.802153
1609226588.806649208 45.5957 26.2666 -11.291 0.515846 0.163007 0.28705 0.790528
1609226588.907536030 45.6496 26.2538 -11.2819 0.526465 0.165679 0.3017 0.777407
1609226589.008614540 45.6982 26.4301 -11.2904 0.537453 0.165395 0.306935 0.767841
1609226589.109261990 45.7245 26.6173 -11.2889 0.544852 0.167519 0.305117 0.762874
1609226589.210140705 45.723 26.7512 -11.2671 0.546482 0.159878 0.299496 0.765571
1609226589.311005592 45.7177 26.7932 -11.2642 0.544198 0.146261 0.297725 0.770594
1609226589.411930561 45.7049 26.6269 -11.2704 0.540442 0.140733 0.307385 0.770475
1609226589.512840271 45.7653 26.67 -11.2633 0.530175 0.137208 0.319011 0.773512
1609226589.613497734 45.8293 26.7037 -11.2822 0.521796 0.146683 0.3252 0.774892
1609226589.714419365 45.8308 26.862 -11.2895 0.512121 0.15164 0.336141 0.775723
1609226589.815242290 45.7864 27.285 -11.2496 0.504918 0.143352 0.350414 0.775705
1609226589.916151524 45.7796 27.5318 -11.2323 0.494558 0.135659 0.37669 0.771436
1609226590.016941547 45.7578 27.6799 -11.2152 0.472842 0.133307 0.402908 0.772215
1609226590.117803574 45.7703 27.8621 -11.1494 0.449934 0.139576 0.406238 0.782975
1609226590.218736172 45.7531 27.9866 -11.123 0.438713 0.14609 0.396495 0.793083
