1598427497.947272 0.0000000 0.0000000 0.0000000 0.0000000 0.0000000 0.0000000 1.0000000
1598427500.246507 0.0003694 0.0004832 0.0389013 -0.0031093 -0.0050169 -0.0003063 0.9999825
1598427500.446907 -0.0001819 0.0005185 0.0546117 -0.0034407 -0.0030562 -0.0009930 0.9999889
1598427500.547722 -0.0002029 0.0006950 0.0634420 -0.0040557 -0.0020776 -0.0014075 0.9999886
1598427500.648479 -0.0001122 0.0007518 0.0724969 -0.0039986 -0.0012410 -0.0010349 0.9999907
1598427500.847701 0.0002564 0.0009841 0.0918838 -0.0053834 0.0001981 0.0014353 0.9999844
1598427501.046879 0.0004964 0.0013004 0.1115017 -0.0043159 -0.0008537 0.0010916 0.9999897
1598427501.246081 0.0007267 0.0014682 0.1322165 -0.0040550 -0.0070545 0.0016060 0.9999656
1598427501.345714 0.0004536 0.0018322 0.1431846 -0.0062283 -0.0106166 0.0010339 0.9999237
1598427501.446503 0.0003900 0.0016053 0.1535764 -0.0046089 -0.0139925 0.0009895 0.9998910
1598427501.648084 0.0001815 0.0021339 0.1767261 -0.0046214 -0.0194340 0.0010632 0.9997999
1598427501.948081 -0.0013793 0.0022751 0.2123954 -0.0025760 -0.0269856 0.0017614 0.9996309
1598427502.346483 -0.0044477 0.0030167 0.2627679 -0.0018821 -0.0330764 0.0003743 0.9994510
1598427502.546886 -0.0063240 0.0034622 0.2898119 -0.0022044 -0.0361454 -0.0009704 0.9993436
1598427502.748483 -0.0084704 0.0037769 0.3184662 -0.0069968 -0.0365396 -0.0013672 0.9993068
1598427502.947685 -0.0106655 0.0043383 0.3468723 -0.0071516 -0.0372444 -0.0018696 0.9992788
1598427503.146884 -0.0122871 0.0049975 0.3762847 -0.0075459 -0.0351659 -0.0018458 0.9993513
1598427503.346085 -0.0143004 0.0053349 0.4059177 -0.0059606 -0.0342810 -0.0012690 0.9993936
1598427503.947286 -0.0208093 0.0068458 0.5004811 -0.0059067 -0.0332651 -0.0002752 0.9994290
1598427504.146489 -0.0221300 0.0073061 0.5326039 -0.0048206 -0.0320875 0.0005151 0.9994733
1598427504.345726 -0.0246250 0.0073317 0.5644205 -0.0032079 -0.0329752 -0.0008508 0.9994507
1598427504.546116 -0.0268789 0.0077877 0.5967531 -0.0028223 -0.0332841 -0.0007656 0.9994417
1598427504.747714 -0.0282377 0.0084697 0.6299704 -0.0056881 -0.0323574 0.0016708 0.9994588
1598427505.046524 -0.0324931 0.0094683 0.6796459 -0.0077819 -0.0356624 -0.0009957 0.9993331
1598427505.246892 -0.0349060 0.0099445 0.7130166 -0.0087285 -0.0377981 -0.0012751 0.9992465
1598427505.447324 -0.0372971 0.0102731 0.7458692 -0.0061152 -0.0389672 -0.0012557 0.9992210
1598427505.647691 -0.0400486 0.0105919 0.7790731 -0.0048581 -0.0402549 -0.0014590 0.9991766
1598427505.946492 -0.0451151 0.0120406 0.8283634 -0.0066083 -0.0443459 -0.0041499 0.9989858
1598427506.246495 -0.0499863 0.0128971 0.8782630 -0.0084919 -0.0466781 -0.0048520 0.9988621
1598427506.546504 -0.0539913 0.0137426 0.9271909 -0.0082109 -0.0468765 -0.0040406 0.9988587
1598427506.847693 -0.0579152 0.0145230 0.9746554 -0.0058078 -0.0476536 -0.0025358 0.9988438
1598427507.146515 -0.0623779 0.0151868 1.0223008 -0.0066401 -0.0515389 -0.0022941 0.9986463
1598427507.447697 -0.0671358 0.0160332 1.0708188 -0.0058153 -0.0530232 -0.0014063 0.9985753
1598427507.747722 -0.0724213 0.0165368 1.1193665 -0.0044895 -0.0516241 -0.0009284 0.9986561
1598427508.046504 -0.0778001 0.0173639 1.1692132 -0.0048306 -0.0538036 -0.0014820 0.9985387
1598427508.447300 -0.0848180 0.0182665 1.2356715 -0.0051058 -0.0573313 -0.0011779 0.9983414
1598427508.846902 -0.0931706 0.0194915 1.3018122 -0.0037880 -0.0600433 -0.0020060 0.9981866
1598427509.146935 -0.0992878 0.0202039 1.3510789 -0.0044439 -0.0633990 -0.0020894 0.9979762
1598427509.448104 -0.1053454 0.0209458 1.4001149 -0.0041847 -0.0647906 -0.0018299 0.9978884
1598427509.847746 -0.1143734 0.0211454 1.4644935 -0.0044578 -0.0656237 -0.0020076 0.9978325
1598427510.246103 -0.1229457 0.0220406 1.5277779 -0.0030802 -0.0674276 -0.0022007 0.9977170
1598427510.648106 -0.1319319 0.0228444 1.5921139 -0.0042673 -0.0692949 -0.0023537 0.9975843
1598427511.046511 -0.1409943 0.0234346 1.6551063 -0.0040451 -0.0683163 -0.0016969 0.9976541
1598427511.447334 -0.1500062 0.0245414 1.7200961 -0.0052202 -0.0658107 -0.0021679 0.9978161
1598427512.046126 -0.1616696 0.0258264 1.8175668 -0.0056056 -0.0580215 -0.0008833 0.9982992
1598427512.446921 -0.1682192 0.0269682 1.8825344 -0.0057795 -0.0371010 -0.0001516 0.9992948
1598427512.947318 -0.1720405 0.0279948 1.9619354 -0.0045288 -0.0090285 -0.0009180 0.9999486
1598427513.346937 -0.1733443 0.0287602 2.0218747 -0.0034870 0.0077738 -0.0013291 0.9999628
1598427513.747714 -0.1708896 0.0297143 2.0820549 -0.0026575 0.0297284 -0.0009396 0.9995540
1598427514.146142 -0.1670044 0.0309472 2.1436954 -0.0044390 0.0422450 -0.0017641 0.9990959
1598427514.548113 -0.1607401 0.0317952 2.2075324 -0.0061243 0.0509785 0.0000155 0.9986809
1598427514.946541 -0.1547111 0.0318326 2.2701120 0.0008427 0.0452235 -0.0006685 0.9989763
1598427515.347319 -0.1488146 0.0329306 2.3372850 -0.0013050 0.0312919 0.0004111 0.9995093
1598427515.746966 -0.1448106 0.0336537 2.4051063 -0.0038618 0.0214736 -0.0000995 0.9997619
1598427516.145321 -0.1414798 0.0347788 2.4730663 -0.0056914 0.0195808 0.0003569 0.9997920
1598427516.547348 -0.1380266 0.0361949 2.5425851 -0.0064363 0.0126214 0.0020957 0.9998974
1598427517.046521 -0.1363877 0.0371112 2.6311760 -0.0071633 0.0104359 0.0021120 0.9999177
1598427517.747362 -0.1316918 0.0391539 2.7574015 -0.0057533 0.0188156 0.0030088 0.9998019
1598427518.246521 -0.1272560 0.0403428 2.8468461 -0.0061167 0.0305849 0.0040366 0.9995053
1598427518.746944 -0.1211322 0.0415010 2.9334545 -0.0034463 0.0486149 0.0019851 0.9988097
1598427519.247335 -0.1116664 0.0426049 3.0189641 -0.0051718 0.0713798 0.0028646 0.9974317
1598427519.747747 -0.0984191 0.0432276 3.1020217 -0.0050996 0.0861094 0.0033912 0.9962668
1598427520.248154 -0.0823503 0.0444063 3.1873970 -0.0059177 0.0831976 0.0040061 0.9965075
1598427520.747345 -0.0667787 0.0459101 3.2747216 -0.0058920 0.0854762 0.0048720 0.9963109
1598427521.246533 -0.0535365 0.0481474 3.3644907 -0.0103945 0.0708391 0.0000609 0.9974336
1598427521.748134 -0.0402403 0.0494255 3.4511297 -0.0062250 0.0717559 -0.0004736 0.9974027
1598427522.246131 -0.0274251 0.0504048 3.5356002 -0.0024599 0.0570706 -0.0016375 0.9983658
1598427522.748940 -0.0177412 0.0517993 3.6228833 -0.0117314 0.0468930 0.0001647 0.9988310
1598427523.246976 -0.0118938 0.0528574 3.7115316 -0.0051591 0.0290710 0.0004571 0.9995639
1598427523.747339 -0.0073117 0.0547505 3.8007920 -0.0047670 0.0144104 0.0004243 0.9998847
1598427524.246536 -0.0060677 0.0558734 3.8904598 -0.0049105 0.0116173 -0.0005277 0.9999203
1598427524.748167 -0.0037142 0.0567367 3.9822009 -0.0052363 0.0080466 0.0003364 0.9999539
1598427525.246169 -0.0016928 0.0580585 4.0712228 -0.0030253 0.0035616 0.0002437 0.9999890
1598427525.746570 -0.0007184 0.0586642 4.1564207 -0.0048244 -0.0032851 0.0005576 0.9999828
1598427526.147369 -0.0014944 0.0591846 4.2204118 -0.0037471 -0.0055911 -0.0004352 0.9999772
1598427526.546941 -0.0013904 0.0601163 4.2845321 -0.0037208 0.0041502 -0.0003476 0.9999844
1598427526.946548 -0.0007609 0.0611214 4.3484054 -0.0046397 0.0084901 -0.0011649 0.9999525
1598427527.347370 -0.0001344 0.0617547 4.4131722 -0.0040803 0.0095018 -0.0006944 0.9999463
1598427527.746950 0.0019507 0.0626087 4.4780960 -0.0043658 0.0218349 -0.0006652 0.9997519
1598427528.147744 0.0050187 0.0637410 4.5436578 -0.0056272 0.0312484 -0.0024686 0.9994928
1598427528.646944 0.0091220 0.0648195 4.6234841 -0.0048260 0.0288595 -0.0021013 0.9995696
1598427529.047756 0.0130378 0.0660294 4.6855035 -0.0063408 0.0353637 -0.0009017 0.9993540
1598427529.546953 0.0183809 0.0672313 4.7615857 -0.0057106 0.0431205 -0.0022983 0.9990509
1598427529.947763 0.0240124 0.0676684 4.8227119 -0.0038366 0.0493389 -0.0024233 0.9987718
1598427530.346178 0.0300405 0.0687723 4.8870196 -0.0056858 0.0466369 -0.0040918 0.9988874
1598427530.647369 0.0342353 0.0698221 4.9377785 -0.0063558 0.0354176 -0.0050682 0.9993395
1598427531.048167 0.0384445 0.0711550 5.0064259 -0.0057672 0.0336959 -0.0070631 0.9993905
1598427531.446552 0.0426119 0.0717234 5.0754032 -0.0040390 0.0304041 -0.0090699 0.9994884
1598427531.746554 0.0450635 0.0723127 5.1285548 -0.0047830 0.0048191 -0.0107105 0.9999196
1598427532.048954 0.0445196 0.0729157 5.1816111 -0.0054546 -0.0136268 -0.0113332 0.9998280
1598427532.447386 0.0413513 0.0740906 5.2518930 -0.0059581 -0.0081074 -0.0124685 0.9998716
1598427532.744955 0.0407686 0.0748693 5.3023577 -0.0070665 -0.0014048 -0.0132100 0.9998868
1598427533.047380 0.0405629 0.0757636 5.3520803 -0.0059827 0.0064824 -0.0112575 0.9998977
1598427533.348588 0.0405849 0.0758494 5.4029346 -0.0053023 0.0047393 -0.0120214 0.9999024
1598427533.646184 0.0407158 0.0761668 5.4534874 -0.0022470 -0.0049458 -0.0115499 0.9999185
1598427533.947384 0.0395854 0.0766910 5.5055032 -0.0021700 -0.0005091 -0.0124440 0.9999201
1598427534.248561 0.0378314 0.0775275 5.5569673 -0.0040779 -0.0001254 -0.0160494 0.9998628
1598427534.646967 0.0369828 0.0785091 5.6252766 -0.0058680 -0.0032384 -0.0161167 0.9998477
1598427534.946970 0.0367227 0.0786362 5.6756001 -0.0037679 -0.0021076 -0.0151494 0.9998759
1598427535.248162 0.0367954 0.0791180 5.7246876 -0.0014492 -0.0122109 -0.0111860 0.9998618
1598427535.646578 0.0352652 0.0795536 5.7867537 -0.0030009 -0.0215641 -0.0105678 0.9997071
1598427535.946564 0.0325966 0.0801262 5.8326883 -0.0029153 -0.0351179 -0.0088663 0.9993396
1598427536.247811 0.0294480 0.0804100 5.8810425 -0.0060352 -0.0521885 -0.0044817 0.9986089
1598427536.546581 0.0238845 0.0811581 5.9270687 -0.0046553 -0.0695849 -0.0035932 0.9975587
1598427536.846573 0.0182378 0.0817444 5.9745412 -0.0051544 -0.0873802 -0.0005378 0.9961616
1598427537.147799 0.0093540 0.0821882 6.0214849 -0.0039840 -0.1087229 -0.0000542 0.9940641
1598427537.447783 -0.0018798 0.0823501 6.0686684 -0.0019140 -0.1187720 0.0018212 0.9929181
1598427537.746565 -0.0119532 0.0831085 6.1152859 -0.0041496 -0.1148950 0.0024813 0.9933659
1598427538.047798 -0.0228760 0.0840111 6.1628270 -0.0054409 -0.1130712 0.0022368 0.9935695
1598427538.347771 -0.0337994 0.0840581 6.2102866 -0.0029802 -0.1104347 0.0014074 0.9938779
1598427538.646574 -0.0439824 0.0847106 6.2588811 -0.0037147 -0.1011096 0.0020083 0.9948663
1598427538.946612 -0.0551760 0.0848268 6.3068066 -0.0022187 -0.0847756 -0.0004341 0.9963975
1598427539.247786 -0.0632035 0.0852844 6.3569074 -0.0018739 -0.0552699 0.0009717 0.9984692
1598427539.547810 -0.0693602 0.0854863 6.4077110 -0.0040119 -0.0287174 -0.0002603 0.9995795
1598427539.947413 -0.0719063 0.0863007 6.4774337 -0.0027872 -0.0075277 -0.0005300 0.9999676
1598427540.248605 -0.0723309 0.0866778 6.5298362 -0.0008957 0.0103419 -0.0000653 0.9999461
1598427540.647019 -0.0694932 0.0872001 6.5987382 -0.0038071 0.0281974 0.0014935 0.9995940
1598427540.946997 -0.0670826 0.0875615 6.6495628 -0.0024760 0.0288845 0.0007282 0.9995794
1598427541.349004 -0.0634137 0.0880661 6.7181344 -0.0030689 0.0278418 0.0015697 0.9996064
1598427541.647781 -0.0607768 0.0885907 6.7697487 -0.0037328 0.0265794 0.0000880 0.9996397
1598427541.946584 -0.0586968 0.0892128 6.8224549 -0.0043007 0.0219591 -0.0002496 0.9997496
1598427542.247804 -0.0563879 0.0897389 6.8771067 -0.0058657 0.0197809 -0.0000740 0.9997872
1598427542.647420 -0.0543943 0.0909878 6.9509354 -0.0042938 0.0188371 -0.0020231 0.9998113
1598427542.946223 -0.0518895 0.0909833 7.0051284 -0.0017125 0.0201385 -0.0013083 0.9997949
1598427543.248580 -0.0505020 0.0912312 7.0601196 0.0000235 0.0199630 -0.0017953 0.9997991
1598427543.547429 -0.0484335 0.0923228 7.1158257 -0.0046354 0.0208070 -0.0013439 0.9997718
1598427543.846224 -0.0463333 0.0933329 7.1711984 -0.0063821 0.0207366 -0.0005357 0.9997644
1598427544.147458 -0.0440508 0.0945904 7.2284961 -0.0076909 0.0168798 -0.0008436 0.9998276
1598427544.448582 -0.0420540 0.0960266 7.2856069 -0.0087228 0.0157486 0.0005209 0.9998378
1598427544.846986 -0.0403586 0.0975505 7.3623524 -0.0085979 0.0149051 0.0004101 0.9998519
1598427545.146984 -0.0389844 0.0985500 7.4209194 -0.0075735 0.0122723 0.0001268 0.9998960
1598427545.547785 -0.0374773 0.0998240 7.4997845 -0.0087909 0.0035511 0.0012284 0.9999543
1598427545.846584 -0.0373269 0.1012347 7.5588441 -0.0101574 -0.0005052 0.0020073 0.9999463
1598427546.146595 -0.0382013 0.1022203 7.6176729 -0.0090375 -0.0057896 0.0019473 0.9999405
1598427546.447801 -0.0385247 0.1034315 7.6762962 -0.0095746 -0.0146583 0.0039178 0.9998391
1598427546.746588 -0.0404899 0.1043311 7.7346449 -0.0087466 -0.0215053 0.0036872 0.9997237
1598427547.147439 -0.0439645 0.1058390 7.8124247 -0.0082003 -0.0230572 0.0042237 0.9996916
1598427547.447469 -0.0475276 0.1070157 7.8718820 -0.0089649 -0.0252159 0.0038235 0.9996345
1598427547.846991 -0.0513097 0.1088967 7.9512477 -0.0106455 -0.0179105 0.0040434 0.9997748
1598427548.247830 -0.0531772 0.1105328 8.0293446 -0.0076824 -0.0067259 0.0038282 0.9999405
1598427548.647392 -0.0544484 0.1114308 8.1069679 -0.0032695 -0.0094510 0.0038768 0.9999425
1598427549.047023 -0.0569814 0.1117226 8.1824255 -0.0018790 -0.0068928 0.0021094 0.9999722
1598427549.446593 -0.0583014 0.1118128 8.2562475 0.0012700 -0.0079188 0.0014929 0.9999667
1598427549.847439 -0.0599038 0.1125348 8.3279734 -0.0013909 -0.0066549 0.0018484 0.9999751
1598427550.347797 -0.0605215 0.1134241 8.4142971 -0.0022250 -0.0078146 0.0023113 0.9999643
1598427550.747430 -0.0618782 0.1138830 8.4808750 -0.0028990 -0.0100124 0.0006764 0.9999455
1598427551.147037 -0.0634973 0.1153338 8.5483446 -0.0057703 -0.0026117 -0.0014380 0.9999789
1598427551.546600 -0.0656981 0.1158682 8.6172066 -0.0073402 0.0120240 -0.0043123 0.9998915
1598427551.947401 -0.0628582 0.1181113 8.6905127 -0.0067918 0.0219379 -0.0036996 0.9997294
1598427552.347017 -0.0605311 0.1187428 8.7611084 -0.0064495 0.0182631 -0.0026460 0.9998089
1598427552.746614 -0.0561317 0.1199121 8.8342123 -0.0080461 0.0164305 0.0006217 0.9998325
1598427553.147404 -0.0540270 0.1219710 8.9072790 -0.0087467 0.0010805 0.0048996 0.9999492
1598427553.547005 -0.0554905 0.1229249 8.9804792 -0.0110984 -0.0188370 0.0012342 0.9997602
1598427553.947824 -0.0591254 0.1243873 9.0499134 -0.0077232 -0.0193792 0.0014884 0.9997813
1598427554.346220 -0.0620224 0.1259713 9.1178999 -0.0081866 -0.0158632 0.0021765 0.9998383
1598427554.647411 -0.0636058 0.1269477 9.1687441 -0.0068422 -0.0139622 0.0031200 0.9998742
1598427555.048213 -0.0667529 0.1277732 9.2353296 -0.0051075 -0.0040688 0.0007466 0.9999784
1598427555.345812 -0.0682071 0.1289773 9.2844715 -0.0067520 0.0063892 -0.0017247 0.9999553
1598427555.746651 -0.0671842 0.1298718 9.3488312 -0.0071127 0.0228202 -0.0015720 0.9997131
1598427556.046629 -0.0646769 0.1308591 9.3975344 -0.0055790 0.0271607 -0.0009290 0.9996151
1598427556.446244 -0.0617604 0.1321643 9.4610205 -0.0055843 0.0308727 -0.0007435 0.9995074
1598427556.747422 -0.0593181 0.1335304 9.5090361 -0.0056202 0.0339353 -0.0021931 0.9994058
1598427557.046214 -0.0563205 0.1339456 9.5578423 -0.0059410 0.0336163 -0.0036047 0.9994106
1598427557.346248 -0.0533431 0.1344661 9.6058292 -0.0041041 0.0268554 -0.0027230 0.9996272
1598427557.647415 -0.0506245 0.1348692 9.6537399 -0.0057390 0.0203650 -0.0014589 0.9997751
1598427557.947428 -0.0490871 0.1350667 9.7006817 -0.0064421 0.0175324 -0.0027491 0.9998218
1598427558.246237 -0.0479240 0.1357929 9.7462349 -0.0048870 0.0229561 -0.0026841 0.9997209
1598427558.547435 -0.0468655 0.1364697 9.7918997 -0.0048684 0.0312350 -0.0047308 0.9994890
1598427558.847445 -0.0443044 0.1370425 9.8366804 -0.0056298 0.0391972 -0.0054823 0.9992006
1598427559.146219 -0.0416492 0.1375940 9.8815880 -0.0048841 0.0417399 -0.0074261 0.9990889
1598427559.447426 -0.0378040 0.1381090 9.9264307 -0.0044093 0.0418502 -0.0060084 0.9990961
1598427559.747453 -0.0347100 0.1387495 9.9712305 -0.0056215 0.0374242 -0.0060267 0.9992655
1598427560.046226 -0.0307299 0.1391863 10.0143795 -0.0050532 0.0292274 -0.0026461 0.9995565
1598427560.448248 -0.0280987 0.1403895 10.0716791 -0.0052777 0.0147245 -0.0038265 0.9998704
1598427560.846623 -0.0270875 0.1408446 10.1257305 -0.0041649 0.0046536 -0.0021305 0.9999782
1598427561.146623 -0.0271112 0.1412366 10.1667862 -0.0045575 -0.0049512 -0.0024520 0.9999744
1598427561.547423 -0.0283797 0.1417406 10.2223406 -0.0057725 -0.0160875 -0.0024874 0.9998508
1598427561.947057 -0.0295592 0.1426775 10.2781343 -0.0070244 -0.0107698 -0.0009912 0.9999169
1598427562.347857 -0.0316746 0.1436269 10.3316822 -0.0064841 0.0017665 -0.0011893 0.9999767
1598427562.747426 -0.0310855 0.1447079 10.3832932 -0.0053165 0.0130893 -0.0013981 0.9998992
1598427563.145828 -0.0299799 0.1449550 10.4323912 -0.0042465 0.0129556 -0.0019524 0.9999052
1598427563.547859 -0.0291710 0.1460312 10.4798584 -0.0049284 0.0170721 -0.0024451 0.9998391
1598427563.947429 -0.0279181 0.1467801 10.5229073 -0.0043611 0.0375182 -0.0039031 0.9992788
1598427564.347031 -0.0250936 0.1474985 10.5617037 -0.0037691 0.0787450 -0.0058632 0.9968704
1598427564.749046 -0.0189657 0.1484049 10.5969982 -0.0041197 0.1791128 -0.0077259 0.9837896
1598427565.146236 -0.0043039 0.1489401 10.6291409 -0.0043741 0.3067818 -0.0082132 0.9517344
1598427565.447444 0.0127468 0.1486486 10.6502743 -0.0033415 0.4022915 -0.0072617 0.9154767
1598427565.748634 0.0323324 0.1485217 10.6680250 -0.0011873 0.4891014 -0.0088024 0.8721817
1598427566.046237 0.0604458 0.1488309 10.6838017 -0.0017458 0.5433694 -0.0092347 0.8394411
1598427566.246638 0.0827348 0.1487224 10.6930428 -0.0003723 0.5715914 -0.0076225 0.8205029
1598427566.447035 0.1068814 0.1487557 10.7017422 -0.0002742 0.5997719 -0.0085463 0.8001253
1598427566.648670 0.1340859 0.1487798 10.7101297 -0.0001567 0.6284040 -0.0086587 0.7778389
1598427566.748237 0.1486727 0.1488580 10.7136850 -0.0012183 0.6402448 -0.0079253 0.7681291
1598427566.847843 0.1628293 0.1488462 10.7166805 -0.0009179 0.6492773 -0.0090420 0.7604975
1598427566.947444 0.1781590 0.1487667 10.7196035 -0.0005837 0.6588572 -0.0086773 0.7522177
1598427567.146639 0.2075193 0.1485083 10.7224913 0.0009075 0.6708798 -0.0084754 0.7415171
1598427567.247438 0.2227351 0.1485069 10.7242603 0.0005239 0.6755124 -0.0080926 0.7373040
1598427567.447871 0.2529666 0.1480628 10.7276449 0.0006155 0.6829950 -0.0082309 0.7303764
1598427567.648239 0.2829764 0.1479074 10.7301035 0.0008675 0.6870353 -0.0085451 0.7265732
1598427567.847442 0.3134319 0.1477373 10.7319307 0.0018044 0.6878955 -0.0090931 0.7257506
1598427568.046638 0.3447032 0.1474980 10.7341518 0.0004027 0.6851020 -0.0086486 0.7283956
1598427568.247069 0.3761675 0.1476447 10.7360430 0.0014417 0.6832150 -0.0090735 0.7301595
1598427568.447440 0.4069822 0.1473318 10.7383690 0.0002091 0.6801121 -0.0074214 0.7330706
1598427568.647847 0.4370707 0.1467547 10.7410202 0.0000077 0.6769470 -0.0078258 0.7359902
1598427568.847041 0.4661207 0.1468994 10.7435999 -0.0005566 0.6732637 -0.0077790 0.7393613
1598427569.047453 0.4945866 0.1464425 10.7466679 -0.0007078 0.6688073 -0.0088087 0.7433833
1598427569.246643 0.5220374 0.1459796 10.7497253 0.0012937 0.6640115 -0.0094866 0.7476610
1598427569.447070 0.5501417 0.1462010 10.7533321 0.0003555 0.6570099 -0.0092069 0.7538257
1598427569.647451 0.5777196 0.1458579 10.7572956 0.0002816 0.6451941 -0.0083266 0.7639732
1598427569.947446 0.6171658 0.1457065 10.7656307 -0.0007294 0.6205177 -0.0088343 0.7841424
1598427570.247444 0.6551557 0.1459071 10.7751427 -0.0005016 0.5904458 -0.0076036 0.8070413
1598427570.547443 0.6912425 0.1457600 10.7885399 -0.0013024 0.5533289 -0.0088241 0.8329151
1598427570.847446 0.7269592 0.1453708 10.8046179 -0.0017266 0.5156564 -0.0084071 0.8567525
1598427571.148649 0.7604227 0.1454595 10.8235025 -0.0016678 0.4824837 -0.0086445 0.8758608
1598427571.447456 0.7924070 0.1455034 10.8452587 -0.0025365 0.4526213 -0.0077154 0.8916658
1598427571.746247 0.8235011 0.1455700 10.8686905 -0.0026976 0.4194218 -0.0059295 0.9077681
1598427572.047450 0.8535752 0.1457537 10.8955097 -0.0017329 0.3785247 -0.0057295 0.9255718
1598427572.347469 0.8811283 0.1457506 10.9258242 -0.0039799 0.3276638 -0.0059921 0.9447670
1598427572.646267 0.9039898 0.1460405 10.9567909 -0.0034746 0.2735483 -0.0050966 0.9618385
1598427572.846663 0.9174912 0.1463330 10.9777241 -0.0046872 0.2329192 -0.0023124 0.9724820
1598427573.147860 0.9332850 0.1471795 11.0120697 -0.0042309 0.1594203 -0.0033659 0.9871960
1598427573.447852 0.9438529 0.1471584 11.0469856 -0.0034356 0.0925078 -0.0020169 0.9957040
1598427573.846260 0.9507661 0.1474200 11.0980873 -0.0012203 0.0187385 -0.0003747 0.9998236
1598427574.147455 0.9501196 0.1479714 11.1400566 -0.0008083 -0.0280243 -0.0013051 0.9996061
1598427574.447482 0.9458481 0.1484917 11.1830025 -0.0026763 -0.0598418 -0.0016764 0.9982029
1598427574.646653 0.9430666 0.1486063 11.2114820 -0.0031856 -0.0627538 -0.0012694 0.9980232
1598427574.947857 0.9377670 0.1488181 11.2547398 -0.0036763 -0.0489037 -0.0012733 0.9987959
1598427575.246665 0.9338161 0.1491775 11.2969961 -0.0025653 -0.0390003 -0.0016470 0.9992346
1598427575.447098 0.9314011 0.1496391 11.3253088 -0.0030379 -0.0301312 -0.0015372 0.9995402
1598427575.748266 0.9289275 0.1500170 11.3654957 -0.0033927 -0.0138927 -0.0021553 0.9998954
1598427576.047059 0.9278370 0.1496711 11.4026556 -0.0034567 -0.0008943 -0.0036311 0.9999870
1598427576.347076 0.9270447 0.1497791 11.4389744 -0.0030729 0.0022132 -0.0038892 0.9999853
1598427576.648300 0.9266416 0.1502415 11.4758263 -0.0019002 -0.0013498 -0.0051635 0.9999840
1598427576.948294 0.9264897 0.1507356 11.5120726 -0.0019128 -0.0029657 -0.0051858 0.9999803
1598427577.547062 0.9257135 0.1515558 11.5866585 -0.0036387 0.0027096 -0.0054987 0.9999746
1598427577.848293 0.9258267 0.1520572 11.6270876 -0.0031381 0.0034711 -0.0057462 0.9999725
1598427578.147076 0.9260826 0.1528940 11.6705494 -0.0038098 -0.0008005 -0.0058862 0.9999751
1598427578.447063 0.9247030 0.1543832 11.7164793 -0.0069225 -0.0145748 -0.0064904 0.9998488
1598427578.748270 0.9224904 0.1551964 11.7627726 -0.0076465 -0.0401621 -0.0050254 0.9991513
1598427579.047075 0.9174678 0.1559855 11.8089409 -0.0067107 -0.0696708 -0.0054061 0.9975328
1598427579.347064 0.9093204 0.1565242 11.8565388 -0.0055301 -0.1013764 -0.0045723 0.9948223
1598427579.648266 0.8987432 0.1570603 11.9044390 -0.0034365 -0.1346218 -0.0038280 0.9908837
1598427579.947066 0.8840053 0.1581274 11.9526701 -0.0025779 -0.1667699 -0.0042203 0.9859834
1598427580.247067 0.8667445 0.1588255 11.9999361 -0.0057787 -0.1973225 -0.0033883 0.9803157
1598427580.548269 0.8445630 0.1598655 12.0460329 -0.0088004 -0.2322513 -0.0086291 0.9725778
1598427580.847070 0.8219919 0.1610697 12.0902929 -0.0073189 -0.2535816 -0.0067038 0.9672631
1598427581.145882 0.7973742 0.1618772 12.1323643 -0.0075739 -0.2684873 -0.0062552 0.9632331
1598427581.447073 0.7712340 0.1627547 12.1736450 -0.0072878 -0.2920863 -0.0047092 0.9563526
1598427581.747080 0.7422142 0.1637731 12.2139740 -0.0067044 -0.3184325 -0.0034335 0.9479156
1598427582.047081 0.7117753 0.1648038 12.2527218 -0.0081794 -0.3463481 -0.0029643 0.9380657
1598427582.347073 0.6787057 0.1657799 12.2894592 -0.0091695 -0.3761473 -0.0016118 0.9265131
1598427582.648272 0.6420794 0.1668557 12.3253880 -0.0086804 -0.4045866 0.0003596 0.9144584
1598427582.947109 0.6030178 0.1678066 12.3585539 -0.0077265 -0.4336473 -0.0008968 0.9010491
1598427583.247105 0.5607495 0.1693699 12.3902798 -0.0095116 -0.4630142 -0.0001759 0.8862998
1598427583.548306 0.5156655 0.1701262 12.4194489 -0.0107542 -0.4897198 -0.0019334 0.8718114
1598427583.847104 0.4709496 0.1710923 12.4458618 -0.0077246 -0.5130121 -0.0004967 0.8583465
1598427584.147078 0.4248762 0.1714600 12.4703407 -0.0082963 -0.5304660 0.0011576 0.8476648
1598427584.448278 0.3770046 0.1719919 12.4929304 -0.0052959 -0.5457428 0.0020131 0.8379336
1598427584.748319 0.3278403 0.1728125 12.5147247 -0.0075918 -0.5522963 0.0014507 0.8336120
1598427585.045883 0.2794456 0.1740301 12.5354891 -0.0072695 -0.5557814 0.0018945 0.8312946
1598427585.347081 0.2295604 0.1750750 12.5555906 -0.0097959 -0.5590795 0.0000389 0.8290562
1598427585.548700 0.1968780 0.1761409 12.5688229 -0.0112822 -0.5609639 0.0003457 0.8277633
1598427585.847522 0.1496544 0.1770691 12.5878487 -0.0130960 -0.5659135 0.0009082 0.8243601
1598427586.146288 0.1022925 0.1784010 12.6058941 -0.0117792 -0.5755343 0.0013095 0.8176917
1598427586.448686 0.0534754 0.1795434 12.6230183 -0.0118035 -0.5852371 0.0019681 0.8107739
1598427586.748701 0.0047758 0.1806390 12.6390553 -0.0111809 -0.5944945 0.0023185 0.8040186
1598427587.046285 -0.0442193 0.1816069 12.6540432 -0.0099657 -0.6046252 0.0029687 0.7964422
1598427587.347486 -0.0953062 0.1823175 12.6687994 -0.0115967 -0.6111202 0.0026616 0.7914484
1598427587.648719 -0.1483228 0.1836765 12.6824770 -0.0138441 -0.6146856 -0.0008106 0.7886503
1598427587.947494 -0.1998613 0.1847688 12.6955032 -0.0103631 -0.6181543 0.0028460 0.7859833
1598427588.247520 -0.2525668 0.1855795 12.7083225 -0.0106111 -0.6215364 0.0016925 0.7833116
1598427588.548723 -0.3057730 0.1867035 12.7199459 -0.0089941 -0.6245642 0.0003873 0.7809216
1598427588.847503 -0.3580618 0.1875920 12.7320538 -0.0087254 -0.6270262 0.0025342 0.7789452
1598427589.247097 -0.4275172 0.1884834 12.7470074 -0.0066184 -0.6307287 0.0042873 0.7759634
1598427589.649101 -0.4976785 0.1890868 12.7609921 -0.0075123 -0.6372357 0.0026167 0.7706279
1598427589.947892 -0.5494039 0.1899780 12.7708502 -0.0078671 -0.6402720 0.0016719 0.7681062
1598427590.246693 -0.5992899 0.1904151 12.7791204 -0.0054774 -0.6453521 0.0013301 0.7638645
1598427590.547898 -0.6503323 0.1908804 12.7872210 -0.0054330 -0.6499802 0.0004752 0.7599316
1598427590.849125 -0.7015857 0.1916084 12.7948685 -0.0052226 -0.6527782 0.0004539 0.7575309
1598427591.146699 -0.7512684 0.1917408 12.8022442 -0.0033202 -0.6548203 0.0017350 0.7557753
1598427591.648293 -0.8330200 0.1930286 12.8143730 -0.0056327 -0.6571651 0.0009033 0.7537251
1598427591.948300 -0.8804308 0.1937333 12.8208122 -0.0050188 -0.6590515 0.0018990 0.7520787
1598427592.247097 -0.9272015 0.1939773 12.8271675 -0.0061032 -0.6611685 0.0021356 0.7502096
1598427592.547095 -0.9727471 0.1943997 12.8337240 -0.0063712 -0.6636055 0.0020988 0.7480527
1598427592.848331 -1.0172151 0.1947467 12.8385677 -0.0047786 -0.6694412 0.0029035 0.7428440
1598427593.246700 -1.0751090 0.1951592 12.8450966 -0.0040041 -0.6745575 0.0047054 0.7381964
1598427593.546739 -1.1201612 0.1957848 12.8479433 -0.0046490 -0.6803028 0.0019727 0.7329138
1598427593.847929 -1.1656684 0.1960847 12.8516302 -0.0052875 -0.6853603 0.0021965 0.7281817
1598427594.246302 -1.2258165 0.1961037 12.8546782 -0.0046714 -0.6914204 0.0014151 0.7224361
1598427594.547501 -1.2712858 0.1968653 12.8562222 -0.0043659 -0.6956385 0.0006606 0.7183784
1598427594.848702 -1.3159479 0.1965879 12.8575592 -0.0033206 -0.6997410 0.0023076 0.7143852
1598427595.147502 -1.3609171 0.1972455 12.8600597 -0.0080550 -0.7002702 0.0041424 0.7138204
1598427595.547104 -1.4211067 0.1972182 12.8597431 -0.0043535 -0.7061923 0.0041647 0.7079945
1598427595.848333 -1.4666970 0.1971072 12.8602562 -0.0040163 -0.7087150 0.0044278 0.7054696
1598427596.246734 -1.5294518 0.1978341 12.8597775 -0.0047003 -0.7062138 0.0024663 0.7079787
1598427596.647512 -1.5931653 0.1983522 12.8602600 -0.0059682 -0.6965982 0.0032548 0.7174292
1598427597.047106 -1.6581166 0.1984435 12.8628702 -0.0056402 -0.6892161 0.0032400 0.7245266
1598427597.446738 -1.7210966 0.1989702 12.8658438 -0.0046813 -0.6879343 0.0028901 0.7257521
1598427597.848717 -1.7841487 0.1994209 12.8691196 -0.0042480 -0.6881164 0.0023948 0.7255839
1598427598.247148 -1.8467398 0.1997037 12.8738289 -0.0033024 -0.6877536 0.0055535 0.7259155
1598427598.647926 -1.9109535 0.2004747 12.8762779 -0.0058437 -0.6946818 -0.0002848 0.7192935
1598427599.047516 -1.9756942 0.2015203 12.8775949 -0.0052534 -0.6965581 -0.0047768 0.7174652
1598427599.447114 -2.0401216 0.2016733 12.8803234 -0.0013101 -0.6813232 -0.0011846 0.7319806
1598427599.847953 -2.1038585 0.2015742 12.8852758 0.0005963 -0.6675259 0.0010041 0.7445856
1598427600.247519 -2.1670644 0.2020002 12.8927479 -0.0010945 -0.6591203 -0.0008605 0.7520363
1598427600.547555 -2.2147958 0.2023183 12.8997469 -0.0030752 -0.6545021 -0.0005987 0.7560537
1598427600.947116 -2.2791362 0.2037764 12.9089565 -0.0057794 -0.6662511 -0.0013364 0.7457039
1598427601.347926 -2.3455610 0.2040703 12.9166737 -0.0063074 -0.6742175 0.0014017 0.7385046
1598427601.747525 -2.4153221 0.2047805 12.9218683 -0.0036447 -0.6798635 0.0009239 0.7333290
1598427602.148320 -2.4873149 0.2052684 12.9270678 -0.0031991 -0.6919662 0.0026471 0.7219179
1598427602.547943 -2.5606740 0.2057832 12.9288054 -0.0043796 -0.7074576 0.0024718 0.7067379
1598427603.047121 -2.6522796 0.2058471 12.9275694 -0.0041888 -0.7184877 0.0028847 0.6955211
1598427603.447964 -2.7242756 0.2061521 12.9244442 -0.0019623 -0.7204811 0.0011943 0.6934708
1598427603.846323 -2.7938435 0.2064288 12.9226208 -0.0019086 -0.7110880 0.0025077 0.7030960
1598427604.248323 -2.8648190 0.2069875 12.9217205 -0.0016452 -0.7054559 0.0009240 0.7087513
1598427604.646761 -2.9343197 0.2072059 12.9225321 -0.0012547 -0.6996281 0.0000662 0.7145061
1598427605.046335 -3.0045412 0.2076247 12.9243956 -0.0025016 -0.6961601 0.0011971 0.7178812
1598427605.448358 -3.0750761 0.2082895 12.9256124 -0.0033633 -0.7064574 0.0003111 0.7077475
1598427605.846758 -3.1454756 0.2081848 12.9254007 -0.0024728 -0.7145129 0.0026569 0.6996128
1598427606.247531 -3.2164381 0.2087931 12.9233561 -0.0014903 -0.7149222 0.0016643 0.6992005
1598427606.647144 -3.2857780 0.2087772 12.9221401 -0.0011528 -0.7085150 0.0028184 0.7056891
1598427607.046751 -3.3547025 0.2090537 12.9220505 -0.0013640 -0.7017692 0.0012320 0.7124020
1598427607.447542 -3.4227705 0.2092922 12.9233761 -0.0029890 -0.6963248 0.0001665 0.7177206
1598427607.847163 -3.4898942 0.2104629 12.9252481 -0.0032000 -0.6963784 0.0008357 0.7176672
1598427608.247932 -3.5580359 0.2109488 12.9269190 -0.0034448 -0.7039783 0.0017237 0.7102110
1598427608.647539 -3.6267376 0.2117627 12.9276619 -0.0046272 -0.7109956 0.0018094 0.7031789
1598427609.048342 -3.6951168 0.2126094 12.9272919 -0.0078645 -0.7114422 0.0030483 0.7026940
1598427609.447936 -3.7622178 0.2132006 12.9300957 -0.0133553 -0.7065490 0.0085713 0.7074862
1598427609.846336 -3.8274460 0.2128502 12.9263773 -0.0034684 -0.7187946 0.0077639 0.6951705
1598427610.249537 -3.8935504 0.2128050 12.9238739 -0.0044354 -0.7195851 0.0050120 0.6943720
1598427610.647975 -3.9592321 0.2134237 12.9196453 -0.0017387 -0.7119267 0.0012368 0.7022505
1598427610.946748 -4.0092111 0.2131624 12.9189987 -0.0027142 -0.7073134 0.0027684 0.7068895
1598427611.348756 -4.0781593 0.2136035 12.9175787 -0.0001954 -0.7095857 0.0019531 0.7046165
1598427611.647570 -4.1308541 0.2136468 12.9176540 -0.0021960 -0.7090256 0.0024677 0.7051750
1598427612.047143 -4.2030725 0.2138731 12.9151287 -0.0019149 -0.7118562 0.0013431 0.7023214
1598427612.348342 -4.2583728 0.2139651 12.9143496 -0.0010250 -0.7142007 0.0020979 0.6999371
1598427612.648380 -4.3129263 0.2139061 12.9114485 0.0002918 -0.7148030 0.0014138 0.6993244
1598427613.046749 -4.3833699 0.2133395 12.9095545 0.0007156 -0.7102109 0.0022907 0.7039849
1598427613.548350 -4.4691362 0.2132089 12.9084883 -0.0005941 -0.7098084 0.0029901 0.7043882
1598427613.946780 -4.5365238 0.2137677 12.9062824 -0.0025432 -0.7170351 0.0000716 0.6970324
1598427614.247978 -4.5873160 0.2140750 12.9050608 -0.0030605 -0.7192191 0.0014387 0.6947750
1598427614.647556 -4.6568031 0.2147063 12.9015875 -0.0021890 -0.7239419 0.0014040 0.6898561
1598427614.947584 -4.7102847 0.2146305 12.8983898 -0.0023812 -0.7271292 0.0028350 0.6864907
1598427615.348358 -4.7822433 0.2148744 12.8941164 -0.0031672 -0.7330898 0.0043183 0.6801108
1598427615.747952 -4.8537097 0.2150527 12.8862944 -0.0041861 -0.7568433 0.0055511 0.6535594
1598427616.147553 -4.9239612 0.2155564 12.8733454 -0.0053778 -0.7819749 0.0044214 0.6232710
1598427616.448753 -4.9759817 0.2158245 12.8588257 -0.0037091 -0.7957472 0.0011249 0.6056165
1598427616.847156 -5.0432305 0.2160183 12.8381929 -0.0006348 -0.8104726 0.0034317 0.5857662
1598427617.247983 -5.1095734 0.2164236 12.8141565 0.0004102 -0.8226430 0.0011929 0.5685570
1598427617.647588 -5.1740537 0.2165991 12.7865744 0.0011415 -0.8417712 -0.0045093 0.5398144
1598427617.947559 -5.2216568 0.2163337 12.7641325 -0.0004736 -0.8562672 -0.0016002 0.5165304
1598427618.248793 -5.2674832 0.2158572 12.7414026 0.0019820 0.8702264 -0.0069205 -0.4925994
1598427618.547557 -5.3106270 0.2153575 12.7150316 0.0067544 0.8909035 -0.0127533 -0.4539633
1598427618.746759 -5.3382063 0.2145998 12.6969471 0.0124451 0.9044031 -0.0162093 -0.4261894
1598427619.047993 -5.3753638 0.2135619 12.6671381 0.0149603 0.9225776 -0.0213332 -0.3849308
1598427619.248372 -5.3963284 0.2124476 12.6464100 0.0135905 0.9288116 -0.0265010 -0.3693534
1598427619.547159 -5.4256821 0.2107950 12.6162815 0.0143825 0.9284729 -0.0300544 -0.3699025
1598427619.746392 -5.4450431 0.2097871 12.5955238 0.0140594 0.9323518 -0.0299260 -0.3600375
1598427619.946799 -5.4645081 0.2090317 12.5744114 0.0152104 0.9345453 -0.0293903 -0.3543019
1598427620.147161 -5.4824953 0.2078463 12.5542212 0.0165721 0.9340681 -0.0287545 -0.3555493
1598427620.348761 -5.4991493 0.2063809 12.5349064 0.0149072 0.9338223 -0.0301533 -0.3561524
1598427620.547963 -5.5148497 0.2052424 12.5158367 0.0128581 0.9355108 -0.0308320 -0.3517154
1598427620.745992 -5.5304255 0.2037687 12.4976368 0.0111947 0.9372027 -0.0333453 -0.3470070
1598427620.946364 -5.5464005 0.2026382 12.4800291 0.0124762 0.9366838 -0.0326734 -0.3484254
1598427621.147996 -5.5601206 0.2019470 12.4629555 0.0091306 0.9355358 -0.0312053 -0.3517322
1598427621.348398 -5.5738258 0.2011065 12.4469910 0.0098752 0.9335750 -0.0305819 -0.3569384
1598427621.547572 -5.5888824 0.1997926 12.4302139 0.0089409 0.9333915 -0.0296506 -0.3575208
1598427621.746767 -5.6049109 0.1987640 12.4118214 0.0093552 0.9354615 -0.0308126 -0.3519585
1598427621.946004 -5.6217422 0.1976508 12.3925819 0.0106675 0.9372706 -0.0297624 -0.3471660
1598427622.147574 -5.6382217 0.1964206 12.3723955 0.0065207 0.9408506 -0.0318477 -0.3372588
1598427622.447568 -5.6644678 0.1942284 12.3412075 0.0081809 0.9406219 -0.0326763 -0.3377807
1598427622.746387 -5.6910243 0.1930015 12.3094921 0.0080156 0.9392374 -0.0305447 -0.3418128
1598427622.946804 -5.7090673 0.1918916 12.2874088 0.0091215 0.9366124 -0.0269442 -0.3492107
1598427623.247983 -5.7384691 0.1908879 12.2538157 0.0112967 0.9315528 -0.0214406 -0.3627976
1598427623.448400 -5.7583818 0.1898495 12.2320890 0.0118597 0.9279462 -0.0206299 -0.3719537
1598427623.747179 -5.7888813 0.1888320 12.1998987 0.0124616 0.9233559 -0.0197204 -0.3832358
1598427624.047186 -5.8213296 0.1885268 12.1674252 0.0120503 0.9154170 -0.0172774 -0.4019552
1598427624.348372 -5.8561444 0.1882172 12.1348906 0.0119009 0.9011981 -0.0149838 -0.4329849
1598427624.647172 -5.8914952 0.1871057 12.1051598 0.0086408 0.8847266 -0.0171763 -0.4657136
1598427624.945973 -5.9292927 0.1860456 12.0791655 0.0088332 0.8669260 -0.0183543 -0.4980205
1598427625.248387 -5.9693508 0.1854005 12.0564508 -0.0127702 -0.8494076 0.0155327 0.5273542
1598427625.548373 -6.0107322 0.1855584 12.0364799 -0.0154513 -0.8310131 0.0143571 0.5558527
1598427625.746378 -6.0379968 0.1852394 12.0241632 -0.0150194 -0.8240999 0.0119476 0.5661193
1598427626.046397 -6.0784554 0.1851048 12.0082283 -0.0164376 -0.8191627 0.0109543 0.5732210
1598427626.247981 -6.1040678 0.1854622 11.9991131 -0.0155283 -0.8156660 0.0122318 0.5781853
1598427626.448376 -6.1292825 0.1854233 11.9898424 -0.0148860 -0.8117484 0.0112967 0.5837082
1598427626.648807 -6.1546159 0.1856591 11.9806280 -0.0146214 -0.8034984 0.0108420 0.5950286
1598427626.846786 -6.1809902 0.1856992 11.9725370 -0.0153893 -0.7928725 0.0108609 0.6090963
1598427627.046007 -6.2082462 0.1858200 11.9639578 -0.0139287 -0.7825123 0.0092878 0.6224099
1598427627.247581 -6.2362080 0.1859300 11.9568291 -0.0139247 -0.7698951 0.0073248 0.6379764
1598427627.449181 -6.2625551 0.1857838 11.9513445 -0.0136250 -0.7557973 0.0067004 0.6546296
1598427627.648388 -6.2886648 0.1861226 11.9475679 -0.0134538 -0.7408438 0.0078573 0.6714966
1598427627.847590 -6.3145661 0.1862729 11.9445362 -0.0137592 -0.7260540 0.0073304 0.6874610
1598427628.046793 -6.3399653 0.1861998 11.9425163 -0.0134957 -0.7121959 0.0058114 0.7018270
1598427628.247180 -6.3672013 0.1870610 11.9423227 -0.0142731 -0.6997775 0.0053613 0.7141982
1598427628.548380 -6.4105630 0.1884933 11.9429445 -0.0148565 -0.6878546 0.0045923 0.7256818
1598427628.847187 -6.4552121 0.1892791 11.9454374 -0.0169934 -0.6839110 0.0054016 0.7293475
1598427629.046382 -6.4855084 0.1902903 11.9468727 -0.0161128 -0.6886955 0.0051804 0.7248531
1598427629.347589 -6.5319414 0.1909368 11.9488668 -0.0156162 -0.6957420 0.0053760 0.7181019
1598427629.549186 -6.5629835 0.1916941 11.9504070 -0.0185387 -0.6968424 0.0061919 0.7169579
1598427629.848006 -6.6072636 0.1923714 11.9509726 -0.0163905 -0.6972110 0.0071585 0.7166429
1598427630.146807 -6.6521511 0.1931933 11.9520788 -0.0164979 -0.6920632 0.0065587 0.7216185
1598427630.447999 -6.6974459 0.1943385 11.9529190 -0.0147082 -0.6844035 0.0039613 0.7289443
1598427630.749185 -6.7414408 0.1954867 11.9547157 -0.0143497 -0.6670954 0.0007992 0.7448336
1598427631.046839 -6.7841797 0.1964628 11.9588366 -0.0135674 -0.6456612 -0.0004492 0.7635033
1598427631.346809 -6.8268003 0.1971824 11.9658918 -0.0132350 -0.6255673 -0.0003249 0.7800579
1598427631.648024 -6.8704834 0.1980536 11.9747467 -0.0129864 -0.6102983 -0.0006784 0.7920649
1598427632.047621 -6.9297638 0.1996939 11.9903126 -0.0139714 -0.5932130 -0.0013572 0.8049232
1598427632.346389 -6.9740839 0.2006062 12.0036182 -0.0146338 -0.5804649 -0.0018839 0.8141516
1598427632.648799 -7.0174923 0.2014255 12.0183029 -0.0128949 -0.5679289 -0.0011250 0.8229758
1598427632.947591 -7.0614119 0.2028159 12.0346384 -0.0120309 -0.5569845 0.0004068 0.8304356
1598427633.246391 -7.1055450 0.2039399 12.0519705 -0.0124221 -0.5496784 -0.0001744 0.8352840
1598427633.547617 -7.1499348 0.2048568 12.0722256 -0.0130617 -0.5412416 0.0031149 0.8407599
1598427633.847608 -7.1948404 0.2062693 12.0924053 -0.0138123 -0.5427366 0.0051931 0.8397733
1598427634.147622 -7.2403088 0.2069705 12.1121273 -0.0131669 -0.5455359 0.0064978 0.8379588
1598427634.447598 -7.2858143 0.2078988 12.1322823 -0.0127251 -0.5393116 0.0092589 0.8419592
1598427634.747630 -7.3319426 0.2088592 12.1513062 -0.0115302 -0.5378274 0.0064455 0.8429515
1598427635.047597 -7.3788271 0.2101139 12.1702404 -0.0142905 -0.5444051 -0.0013725 0.8386996
1598427635.347629 -7.4220786 0.2110049 12.1899357 -0.0107059 -0.5423051 0.0024320 0.8401099
1598427635.648811 -7.4662666 0.2115469 12.2085838 -0.0096042 -0.5401456 0.0015229 0.8415154
1598427635.946411 -7.5094910 0.2125851 12.2294836 -0.0112244 -0.5460224 0.0046718 0.8376824
1598427636.247628 -7.5533876 0.2128505 12.2469254 -0.0117858 -0.5600365 0.0047564 0.8283705
1598427636.548812 -7.5965629 0.2134348 12.2632141 -0.0107869 -0.5729954 0.0094889 0.8194326
1598427636.847601 -7.6393766 0.2148239 12.2774715 -0.0107297 -0.5829953 0.0081903 0.8123634
1598427637.146442 -7.6825228 0.2161728 12.2905922 -0.0109400 -0.5939014 0.0085411 0.8044181
1598427637.447636 -7.7292795 0.2168931 12.3035736 -0.0135670 -0.6054294 0.0053656 0.7957653
1598427637.747610 -7.7770762 0.2181761 12.3149595 -0.0130014 -0.6148823 0.0074056 0.7884769
1598427638.046452 -7.8258438 0.2194949 12.3263130 -0.0142051 -0.6293418 0.0065219 0.7769714
1598427638.246834 -7.8592544 0.2202024 12.3317986 -0.0136075 -0.6431693 0.0065604 0.7655749
1598427638.548036 -7.9085355 0.2213687 12.3400221 -0.0129374 -0.6648806 0.0061417 0.7468123
1598427638.848042 -7.9586449 0.2222176 12.3448887 -0.0141903 -0.6783502 0.0081667 0.7345563
1598427639.146836 -8.0096264 0.2229211 12.3470392 -0.0139332 -0.6953745 0.0074260 0.7184740
1598427639.446836 -8.0605316 0.2237455 12.3477926 -0.0143262 -0.7152251 0.0077216 0.6987047
1598427639.648407 -8.0949326 0.2239404 12.3459044 -0.0141940 -0.7294260 0.0068966 0.6838776
1598427639.948422 -8.1455784 0.2249803 12.3412037 -0.0153875 -0.7504320 0.0075939 0.6607249
1598427640.247209 -8.1947002 0.2253048 12.3330269 -0.0125510 -0.7723044 0.0089790 0.6350652
1598427640.447608 -8.2271061 0.2253019 12.3259802 -0.0122588 -0.7868552 0.0110223 0.6169175
1598427640.648046 -8.2591343 0.2253413 12.3188305 -0.0129873 -0.8029540 0.0121072 0.5957765
1598427640.848410 -8.2903404 0.2258030 12.3067265 -0.0108007 -0.8222455 0.0090355 0.5689587
1598427641.047620 -8.3201399 0.2255670 12.2950935 -0.0105489 -0.8352764 0.0095504 0.5496461
1598427641.248046 -8.3501196 0.2257801 12.2813663 -0.0119610 -0.8449281 0.0095273 0.5346612
1598427641.548060 -8.3930845 0.2253754 12.2592010 -0.0091027 -0.8581478 0.0111605 0.5132006
1598427641.748419 -8.4222660 0.2251225 12.2440910 -0.0111494 -0.8655441 0.0141100 0.5005098
1598427642.048416 -8.4636040 0.2248076 12.2177181 0.0091770 0.8774681 -0.0135954 -0.4793545
1598427642.347215 -8.5037680 0.2245460 12.1912527 0.0103888 0.8866751 -0.0147018 -0.4620424
1598427642.548813 -8.5301161 0.2240100 12.1718292 0.0100977 0.8921586 -0.0130757 -0.4514201
1598427642.848845 -8.5687218 0.2235539 12.1429815 0.0109030 0.8993360 -0.0127781 -0.4369354
1598427643.048054 -8.5936041 0.2233230 12.1225586 0.0093870 0.9037444 -0.0136141 -0.4277529
1598427643.348064 -8.6314392 0.2229681 12.0899744 0.0091991 0.9091573 -0.0122576 -0.4161708
1598427643.548429 -8.6567459 0.2226503 12.0674019 0.0101222 0.9118886 -0.0130009 -0.4101069
1598427643.748815 -8.6820307 0.2224922 12.0441637 0.0106770 0.9134108 -0.0114084 -0.4067388
1598427643.948058 -8.7061005 0.2221062 12.0210581 0.0093231 0.9140550 -0.0123836 -0.4052938
1598427644.147226 -8.7310085 0.2220448 11.9977331 0.0102750 0.9143971 -0.0123947 -0.4044980
1598427644.347622 -8.7553577 0.2214988 11.9743481 0.0090709 0.9165117 -0.0125996 -0.3997065
1598427644.548065 -8.7787218 0.2207080 11.9517727 0.0078256 0.9205217 -0.0139202 -0.3903650
1598427644.848060 -8.8122311 0.2200608 11.9185209 0.0083559 0.9265980 -0.0149403 -0.3756635
1598427645.047230 -8.8339472 0.2196409 11.8948059 0.0080409 0.9300905 -0.0143304 -0.3669626
1598427645.347224 -8.8671436 0.2188689 11.8581352 0.0090483 0.9338189 -0.0130442 -0.3573936
1598427645.648424 -8.9007835 0.2182956 11.8192396 0.0087576 0.9366469 -0.0132402 -0.3499152
1598427645.948464 -8.9338665 0.2177948 11.7799225 0.0092323 0.9373999 -0.0135855 -0.3478674
1598427646.247224 -8.9665966 0.2171919 11.7394962 0.0077256 0.9349471 -0.0131305 -0.3544600
1598427646.547225 -9.0011463 0.2166688 11.6999407 0.0081417 0.9300789 -0.0126506 -0.3670515
1598427646.848447 -9.0355473 0.2160323 11.6603394 0.0059185 0.9302691 -0.0134755 -0.3665825
1598427647.147224 -9.0705175 0.2151006 11.6209879 0.0059910 0.9322710 -0.0125086 -0.3614948
1598427647.447273 -9.1057301 0.2145602 11.5795135 0.0044341 0.9340058 -0.0114192 -0.3570478
1598427647.747257 -9.1407862 0.2141995 11.5376253 0.0034257 0.9373178 -0.0088638 -0.3483461
1598427647.947625 -9.1639061 0.2140637 11.5105572 0.0044314 0.9410920 -0.0065701 -0.3380578
1598427648.148073 -9.1841507 0.2132406 11.4846287 0.0031982 0.9453726 -0.0095872 -0.3258351
1598427648.348426 -9.2048702 0.2127650 11.4582863 0.0044470 0.9484662 -0.0104404 -0.3166751
1598427648.648427 -9.2340727 0.2122129 11.4171782 0.0043794 0.9530691 -0.0111989 -0.3025139
1598427648.847628 -9.2530041 0.2117558 11.3887730 0.0057360 0.9567780 -0.0094343 -0.2906097
1598427649.048079 -9.2709932 0.2115258 11.3608503 0.0055701 0.9606313 -0.0091979 -0.2776181
1598427649.248432 -9.2865467 0.2111080 11.3330116 0.0040555 0.9650863 -0.0075610 -0.2617916
1598427649.447646 -9.3020515 0.2106262 11.3052292 0.0048871 0.9690924 -0.0075309 -0.2465348
1598427649.648085 -9.3158321 0.2100067 11.2779837 0.0029203 0.9731286 -0.0088552 -0.2300733
1598427649.847282 -9.3282232 0.2094226 11.2510834 0.0021412 0.9769961 -0.0106158 -0.2129823
1598427650.047643 -9.3385973 0.2089756 11.2235909 0.0007700 0.9802696 -0.0098279 -0.1974191
1598427650.348841 -9.3542919 0.2080722 11.1844301 0.0019330 0.9830377 -0.0089273 -0.1831759
1598427650.647666 -9.3666458 0.2077423 11.1468849 0.0014419 0.9814841 -0.0062375 -0.1914368
1598427651.047267 -9.3853893 0.2069073 11.0981865 0.0007114 0.9749013 -0.0068408 -0.2225313
1598427651.348433 -9.4023418 0.2066766 11.0610867 0.0001729 0.9681482 -0.0076939 -0.2502594
1598427651.647249 -9.4210434 0.2065879 11.0254250 -0.0004630 0.9621382 -0.0088404 -0.2724180
1598427651.947263 -9.4423733 0.2059511 10.9889202 -0.0001998 0.9568845 -0.0077533 -0.2903651
1598427652.248444 -9.4663916 0.2055518 10.9520111 0.0006392 0.9540998 -0.0084800 -0.2993680
1598427652.547265 -9.4910583 0.2055506 10.9148483 0.0008987 0.9547390 -0.0080592 -0.2973344
1598427652.847255 -9.5160437 0.2049983 10.8768473 0.0026989 0.9559824 -0.0078148 -0.2933075
1598427653.048839 -9.5337114 0.2047637 10.8498077 0.0030023 0.9575190 -0.0070682 -0.2882680
1598427653.347652 -9.5591965 0.2041388 10.8074055 0.0023092 0.9602540 -0.0069102 -0.2790326
1598427653.646449 -9.5846176 0.2039464 10.7633705 0.0014270 0.9604527 -0.0061410 -0.2783717
1598427653.846839 -9.6020479 0.2035819 10.7335148 0.0008365 0.9593239 -0.0047487 -0.2822663
1598427654.148077 -9.6295910 0.2034076 10.6903133 0.0032996 0.9551109 -0.0053277 -0.2961822
1598427654.446846 -9.6588688 0.2035877 10.6471901 0.0059966 0.9499608 -0.0074121 -0.3122238
1598427654.647251 -9.6792603 0.2036172 10.6182642 0.0063472 0.9477705 -0.0055992 -0.3188409
1598427654.847657 -9.7003613 0.2036643 10.5902176 0.0093514 0.9454508 -0.0040094 -0.3256059
1598427655.048070 -9.7219954 0.2038725 10.5619831 0.0106367 0.9440136 -0.0032444 -0.3297190
1598427655.248443 -9.7431660 0.2039200 10.5336294 0.0107140 0.9440086 -0.0015707 -0.3297429
1598427655.547243 -9.7762651 0.2047991 10.4897995 0.0105264 0.9490389 -0.0027624 -0.3149709
1598427655.746457 -9.7980194 0.2049746 10.4592867 0.0101322 0.9546940 -0.0027376 -0.2974042
1598427655.948050 -9.8189621 0.2048878 10.4280634 0.0109117 0.9588904 -0.0029439 -0.2835516
1598427656.149650 -9.8383999 0.2051393 10.3959541 0.0104955 0.9606528 -0.0038001 -0.2775275
1598427656.447264 -9.8671751 0.2057585 10.3485184 0.0116876 0.9642606 -0.0050210 -0.2646499
1598427656.646461 -9.8854752 0.2061459 10.3164282 0.0147267 0.9678975 -0.0062407 -0.2508358
1598427656.846854 -9.9022951 0.2060563 10.2845211 0.0155665 0.9718940 -0.0078764 -0.2347715
1598427657.048494 -9.9185953 0.2062566 10.2521896 0.0170412 0.9753277 -0.0080240 -0.2199572
1598427657.248857 -9.9330196 0.2062674 10.2191010 0.0165465 0.9786711 -0.0073788 -0.2046327
1598427657.448048 -9.9467306 0.2059242 10.1866016 0.0168317 0.9813408 -0.0059603 -0.1914459
1598427657.647248 -9.9595718 0.2059129 10.1533947 0.0166163 0.9827116 -0.0054753 -0.1843148
1598427657.948464 -9.9780102 0.2051390 10.1041374 0.0166823 0.9843852 -0.0073574 -0.1750809
1598427658.148861 -9.9890499 0.2049885 10.0697622 0.0158499 0.9859893 -0.0085353 -0.1658345
1598427658.349264 -10.0007830 0.2048236 10.0380163 0.0194561 0.9861395 -0.0082066 -0.1645691
1598427658.648091 -10.0159082 0.2044586 9.9883499 0.0165830 0.9864439 -0.0061397 -0.1631436
1598427658.946853 -10.0314245 0.2044167 9.9386797 0.0164399 0.9881225 -0.0067682 -0.1526363
1598427659.249268 -10.0463076 0.2051058 9.8871269 0.0156964 0.9907550 -0.0053724 -0.1346451
1598427659.448455 -10.0544300 0.2051493 9.8527107 0.0128463 0.9925134 -0.0029528 -0.1214221
1598427659.747282 -10.0659199 0.2044479 9.8027306 0.0134155 0.9936367 -0.0068464 -0.1116212
1598427660.048475 -10.0761118 0.2039417 9.7520990 0.0114812 0.9938307 -0.0108364 -0.1097777
1598427660.348454 -10.0855083 0.2037026 9.7005997 0.0103489 0.9939860 -0.0076646 -0.1087479
1598427660.647292 -10.0962076 0.2036058 9.6505508 0.0122607 0.9935429 -0.0063831 -0.1126116
1598427660.947270 -10.1067019 0.2036059 9.5997972 0.0140450 0.9937389 -0.0058166 -0.1106879
1598427661.248458 -10.1164188 0.2034780 9.5495520 0.0140761 0.9940435 -0.0074723 -0.1078125
1598427661.547264 -10.1265030 0.2022348 9.4997768 0.0143587 0.9943770 -0.0100923 -0.1044338
1598427661.847275 -10.1354389 0.2019628 9.4476233 0.0107005 0.9947444 -0.0124628 -0.1010638
1598427662.148460 -10.1436672 0.2010798 9.3952389 0.0075005 0.9942750 -0.0105392 -0.1060658
1598427662.447268 -10.1526213 0.2002339 9.3455458 0.0041205 0.9938704 -0.0081511 -0.1101740
1598427662.747278 -10.1621037 0.1991118 9.2961264 0.0013031 0.9929543 -0.0080490 -0.1182176
1598427663.047271 -10.1725492 0.1986437 9.2457886 0.0002163 0.9921837 -0.0080342 -0.1245267
1598427663.348461 -10.1832495 0.1977123 9.1946545 -0.0036440 0.9923524 -0.0093206 -0.1230303
1598427663.647261 -10.1943274 0.1971259 9.1421623 -0.0045351 0.9920230 -0.0078449 -0.1257310
1598427663.947278 -10.2056351 0.1956651 9.0906000 -0.0040313 0.9911814 -0.0088667 -0.1321532
1598427664.248467 -10.2183523 0.1955578 9.0393772 -0.0034084 0.9906679 -0.0100075 -0.1358875
1598427664.547264 -10.2318153 0.1944891 8.9904747 -0.0006774 0.9911427 -0.0115959 -0.1322917
1598427664.847266 -10.2428226 0.1931646 8.9403391 -0.0023807 0.9923564 -0.0115177 -0.1228433
1598427665.148507 -10.2540493 0.1923829 8.8909760 -0.0023661 0.9930062 -0.0102234 -0.1175952
1598427665.447271 -10.2636795 0.1915986 8.8417454 -0.0029213 0.9935068 -0.0116651 -0.1131358
1598427665.747268 -10.2735815 0.1904342 8.7910557 -0.0032565 0.9942219 -0.0105727 -0.1067729
1598427666.048484 -10.2821093 0.1898420 8.7389784 -0.0041894 0.9950274 -0.0101348 -0.0989959
1598427666.347271 -10.2909985 0.1883934 8.6858110 -0.0058579 0.9959888 -0.0081930 -0.0889088
1598427666.647278 -10.2977543 0.1872459 8.6323977 -0.0080975 0.9967268 -0.0101545 -0.0797937
1598427666.948498 -10.3048811 0.1864291 8.5793190 -0.0086459 0.9968646 -0.0117341 -0.0777728
1598427667.248471 -10.3117428 0.1851999 8.5253763 -0.0074243 0.9965600 -0.0119259 -0.0816756
1598427667.547271 -10.3195200 0.1845357 8.4703388 -0.0061958 0.9967685 -0.0097192 -0.0794968
1598427667.848478 -10.3254719 0.1833402 8.4165745 -0.0071560 0.9974605 -0.0104590 -0.0700852
1598427668.148507 -10.3314095 0.1823004 8.3634253 -0.0072158 0.9978403 -0.0105858 -0.0644243
1598427668.546912 -10.3387117 0.1810277 8.2924290 -0.0056772 0.9978227 -0.0091857 -0.0650633
1598427668.848074 -10.3438444 0.1800890 8.2381639 -0.0049460 0.9981133 -0.0086825 -0.0605796
1598427669.148097 -10.3483410 0.1790853 8.1840448 -0.0052230 0.9986413 -0.0110990 -0.0506480
1598427669.448085 -10.3516302 0.1779135 8.1295204 -0.0056767 0.9988415 -0.0110342 -0.0464950
1598427669.748104 -10.3548498 0.1771958 8.0748692 -0.0057809 0.9990487 -0.0086840 -0.0423424
1598427670.048105 -10.3573236 0.1764663 8.0210352 -0.0051093 0.9992355 -0.0103656 -0.0373495
1598427670.348092 -10.3593903 0.1755784 7.9670477 -0.0049862 0.9994594 -0.0102292 -0.0308440
1598427670.646886 -10.3609676 0.1749011 7.9130921 -0.0055048 0.9995665 -0.0080234 -0.0277876
1598427670.948105 -10.3619280 0.1739407 7.8587356 -0.0060232 0.9996853 -0.0092696 -0.0225191
1598427671.347684 -10.3625193 0.1728664 7.7860503 -0.0068453 0.9997562 -0.0090111 -0.0189589
1598427671.647681 -10.3626957 0.1724125 7.7298698 -0.0065498 0.9995976 -0.0099450 -0.0257444
1598427671.948905 -10.3630886 0.1713118 7.6742554 -0.0073597 0.9994772 -0.0101869 -0.0297881
1598427672.247682 -10.3645992 0.1703881 7.6202517 -0.0062474 0.9995403 -0.0113101 -0.0274285
1598427672.547684 -10.3654337 0.1701989 7.5657158 -0.0067117 0.9997353 -0.0092262 -0.0199788
1598427672.948515 -10.3647385 0.1685163 7.4938259 -0.0080084 0.9998131 -0.0112099 -0.0135661
1598427673.346894 -10.3636961 0.1678628 7.4245157 -0.0094563 0.9998288 -0.0111855 -0.0113095
1598427673.648085 -10.3623247 0.1667281 7.3739195 -0.0113999 0.9998615 -0.0096995 -0.0072742
1598427673.949319 -10.3614683 0.1662541 7.3229108 -0.0109816 0.9998180 -0.0089997 -0.0127421
1598427674.248114 -10.3610506 0.1655126 7.2724571 -0.0105375 0.9996302 -0.0088680 -0.0234463
1598427674.546888 -10.3606253 0.1650282 7.2226014 -0.0121801 0.9994503 -0.0107727 -0.0288902
1598427674.848087 -10.3615780 0.1644340 7.1712933 -0.0130276 0.9991218 -0.0105742 -0.0383930
1598427675.149315 -10.3640022 0.1633988 7.1213379 -0.0132499 0.9985135 -0.0110721 -0.0516984
1598427675.546489 -10.3682833 0.1632235 7.0543470 -0.0128791 0.9988243 -0.0083808 -0.0459778
1598427675.848888 -10.3712149 0.1618762 7.0057392 -0.0120900 0.9992705 -0.0091779 -0.0350435
1598427676.150128 -10.3721180 0.1616003 6.9553509 -0.0131744 0.9992285 -0.0097159 -0.0357003
1598427676.447690 -10.3739128 0.1604824 6.9057932 -0.0139493 0.9987928 -0.0112629 -0.0457319
1598427676.746526 -10.3765869 0.1593914 6.8562107 -0.0138849 0.9984211 -0.0121365 -0.0530584
1598427677.148531 -10.3807726 0.1589823 6.7870102 -0.0130776 0.9989880 -0.0101558 -0.0418189
1598427677.448503 -10.3822889 0.1576168 6.7349529 -0.0122835 0.9994767 -0.0088849 -0.0285737
1598427677.846897 -10.3834753 0.1572686 6.6641197 -0.0120978 0.9997196 -0.0085792 -0.0184619
1598427678.248895 -10.3830147 0.1560974 6.5951061 -0.0116788 0.9998096 -0.0080946 -0.0133733
1598427678.548901 -10.3825741 0.1552942 6.5417137 -0.0109894 0.9998640 -0.0086709 -0.0087230
1598427678.947295 -10.3811340 0.1543632 6.4707794 -0.0086893 0.9998648 -0.0078324 -0.0115513
1598427679.248499 -10.3807364 0.1537344 6.4189968 -0.0096832 0.9997633 -0.0067056 -0.0182926
1598427679.547315 -10.3808985 0.1531590 6.3661747 -0.0076843 0.9998057 -0.0090510 -0.0157351
1598427679.948108 -10.3793507 0.1521875 6.2952790 -0.0095047 0.9998954 -0.0106724 -0.0022166
1598427680.348911 -10.3768301 0.1516014 6.2245569 -0.0115450 0.9998977 -0.0075445 -0.0037937
1598427680.747303 -10.3760061 0.1511165 6.1549764 -0.0099342 0.9998027 -0.0059261 -0.0161494
1598427681.149303 -10.3743191 0.1504856 6.0868826 -0.0116160 0.9996812 -0.0087793 -0.0206254
1598427681.547714 -10.3743935 0.1494415 6.0195651 -0.0123553 0.9997952 -0.0090292 -0.0132407
1598427681.947332 -10.3729744 0.1488901 5.9514675 -0.0126595 0.9998427 -0.0075542 -0.0098629
1598427682.348119 -10.3712330 0.1477870 5.8804784 -0.0122856 0.9998631 -0.0080572 -0.0076084
1598427682.746536 -10.3686638 0.1466660 5.8087263 -0.0124734 0.9998969 -0.0071026 0.0002462
1598427683.048923 -10.3669977 0.1459096 5.7545996 -0.0119279 0.9998953 -0.0081808 0.0003068
1598427683.448517 -10.3631706 0.1455095 5.6822553 -0.0122607 0.9998935 -0.0077876 -0.0014157
1598427683.747313 -10.3614025 0.1445769 5.6270723 -0.0112853 0.9999058 -0.0075974 -0.0018001
1598427684.149338 -10.3582993 0.1439858 5.5525169 -0.0113049 0.9999086 -0.0074030 0.0004983
1598427684.547757 -10.3549805 0.1433140 5.4769273 -0.0102832 0.9999079 -0.0077771 -0.0042408
1598427684.847715 -10.3534136 0.1424829 5.4215851 -0.0111790 0.9998150 -0.0114924 -0.0106241
1598427685.248530 -10.3521357 0.1416329 5.3494654 -0.0092176 0.9998096 -0.0116937 -0.0126119
1598427685.646916 -10.3513393 0.1399870 5.2783298 -0.0083125 0.9995849 -0.0102945 -0.0255920
1598427686.047745 -10.3515959 0.1395983 5.2061296 -0.0106566 0.9996523 -0.0095541 -0.0221479
1598427686.448521 -10.3506908 0.1390499 5.1329985 -0.0124385 0.9997810 -0.0106526 -0.0130324
1598427686.846917 -10.3500977 0.1374223 5.0606003 -0.0109949 0.9998698 -0.0107265 -0.0049550
1598427687.248931 -10.3479490 0.1365428 4.9881654 -0.0090843 0.9999291 -0.0076664 0.0007681
1598427687.647339 -10.3451595 0.1357704 4.9196057 -0.0083170 0.9999189 -0.0096138 0.0008176
1598427687.947360 -10.3431072 0.1352789 4.8663363 -0.0072388 0.9999298 -0.0089406 0.0028368
1598427688.349366 -10.3384266 0.1343411 4.7971497 -0.0096944 0.9999152 -0.0083120 0.0025429
1598427688.747749 -10.3352385 0.1328606 4.7308226 -0.0103129 0.9998118 -0.0118191 -0.0114165
1598427689.148551 -10.3336143 0.1317643 4.6611705 -0.0110833 0.9997635 -0.0098685 -0.0158955
1598427689.548149 -10.3327456 0.1309503 4.5926485 -0.0092674 0.9998519 -0.0103997 -0.0100998
1598427689.846931 -10.3308897 0.1303081 4.5407948 -0.0112410 0.9998816 -0.0096129 -0.0042488
1598427690.148145 -10.3296347 0.1293098 4.4893165 -0.0094027 0.9998450 -0.0109956 -0.0100369
1598427690.547726 -10.3291149 0.1289016 4.4195738 -0.0095101 0.9998016 -0.0091857 -0.0149005
1598427690.847766 -10.3276472 0.1278253 4.3674545 -0.0095251 0.9998504 -0.0078338 -0.0121291
1598427691.048152 -10.3278074 0.1274747 4.3321133 -0.0092606 0.9998243 -0.0076932 -0.0143690
1598427691.349324 -10.3265419 0.1266273 4.2779813 -0.0092927 0.9997317 -0.0108730 -0.0182215
1598427691.648154 -10.3258524 0.1250584 4.2233419 -0.0092636 0.9997430 -0.0109542 -0.0175546
1598427691.946963 -10.3254099 0.1244432 4.1673055 -0.0096236 0.9998245 -0.0093706 -0.0130583
1598427692.148530 -10.3245687 0.1240914 4.1300545 -0.0089094 0.9998470 -0.0086417 -0.0123259
1598427692.448541 -10.3245678 0.1237013 4.0736904 -0.0078272 0.9998267 -0.0087223 -0.0144660
1598427692.647756 -10.3239069 0.1227344 4.0372286 -0.0077684 0.9998074 -0.0106689 -0.0145256
1598427692.947728 -10.3233948 0.1212182 3.9833500 -0.0079461 0.9997966 -0.0111762 -0.0147908
1598427693.248967 -10.3221664 0.1205549 3.9307082 -0.0088680 0.9997629 -0.0111021 -0.0164991
1598427693.448166 -10.3217239 0.1200094 3.8963478 -0.0091790 0.9997298 -0.0107009 -0.0184829
1598427693.746934 -10.3212729 0.1191270 3.8435578 -0.0096005 0.9996660 -0.0103698 -0.0216357
1598427693.947341 -10.3210039 0.1188901 3.8084075 -0.0100001 0.9996208 -0.0094470 -0.0238541
1598427694.147765 -10.3213224 0.1185647 3.7733126 -0.0095533 0.9995977 -0.0085871 -0.0252849
1598427694.448944 -10.3223495 0.1178876 3.7224143 -0.0088867 0.9996065 -0.0078680 -0.0254156
1598427694.747738 -10.3216639 0.1171159 3.6704957 -0.0091781 0.9997111 -0.0088409 -0.0203789
1598427695.047766 -10.3224859 0.1160507 3.6176324 -0.0077748 0.9997543 -0.0100220 -0.0181819
1598427695.348962 -10.3222008 0.1153414 3.5655234 -0.0084459 0.9997922 -0.0126007 -0.0136195
1598427695.647752 -10.3212051 0.1145395 3.5150716 -0.0073745 0.9998233 -0.0128749 -0.0115413
1598427695.947753 -10.3201561 0.1134413 3.4639850 -0.0084946 0.9997883 -0.0130341 -0.0134612
1598427696.148173 -10.3199272 0.1127440 3.4299541 -0.0090201 0.9997627 -0.0118432 -0.0159046
1598427696.348572 -10.3202372 0.1121225 3.3964510 -0.0083306 0.9997647 -0.0105512 -0.0170246
1598427696.547766 -10.3199663 0.1117488 3.3631494 -0.0076871 0.9998028 -0.0082342 -0.0163519
1598427696.746944 -10.3192511 0.1114618 3.3303542 -0.0082695 0.9998881 -0.0073862 -0.0100386
1598427697.048155 -10.3185472 0.1104940 3.2792742 -0.0059755 0.9999585 -0.0067225 -0.0014931
1598427697.349350 -10.3157911 0.1099564 3.2271678 -0.0068974 0.9998977 -0.0078119 0.0098038
1598427697.648139 -10.3121796 0.1093313 3.1739211 -0.0076276 0.9998342 -0.0077238 0.0146223
1598427697.946958 -10.3083105 0.1088688 3.1212370 -0.0094145 0.9998232 -0.0079822 0.0141882
1598427698.348955 -10.3031931 0.1077952 3.0495706 -0.0107986 0.9998091 -0.0094987 0.0132207
1598427698.647749 -10.2994175 0.1068785 2.9974306 -0.0097751 0.9997566 -0.0107110 0.0166307
1598427698.947768 -10.2954407 0.1065525 2.9449220 -0.0095623 0.9996736 -0.0082309 0.0222142
1598427699.348541 -10.2900944 0.1057911 2.8782029 -0.0068468 0.9996430 -0.0094426 0.0240378
1598427699.648544 -10.2850456 0.1047458 2.8296440 -0.0081296 0.9995644 -0.0111057 0.0261056
1598427699.947383 -10.2805462 0.1045651 2.7817893 -0.0088173 0.9995394 -0.0080271 0.0279072
1598427700.148981 -10.2768917 0.1042042 2.7499413 -0.0094372 0.9995494 -0.0068005 0.0276722
1598427700.448976 -10.2729235 0.1039513 2.7028379 -0.0088594 0.9996919 -0.0081175 0.0217196
1598427700.648164 -10.2693110 0.1033676 2.6697090 -0.0088028 0.9997239 -0.0082171 0.0201759
1598427700.948148 -10.2647676 0.1027630 2.6193776 -0.0090501 0.9997014 -0.0089321 0.0208660
1598427701.249351 -10.2604656 0.1021877 2.5669658 -0.0099297 0.9997277 -0.0083120 0.0194122
1598427701.548150 -10.2563782 0.1010293 2.5155945 -0.0102245 0.9997414 -0.0092279 0.0180942
1598427701.747377 -10.2535849 0.0999872 2.4817016 -0.0107341 0.9997239 -0.0115327 0.0174314
1598427702.048560 -10.2498283 0.0992634 2.4287548 -0.0106130 0.9998083 -0.0106415 0.0125500
1598427702.248950 -10.2476883 0.0991619 2.3940310 -0.0099935 0.9998533 -0.0091778 0.0104531
1598427702.547751 -10.2445259 0.0984797 2.3429072 -0.0097388 0.9998657 -0.0077586 0.0106597
1598427702.748177 -10.2416649 0.0982453 2.3090138 -0.0107454 0.9998329 -0.0070905 0.0129770
1598427703.048155 -10.2377996 0.0971012 2.2606556 -0.0109984 0.9998341 -0.0091143 0.0113070
1598427703.248552 -10.2354460 0.0967785 2.2289078 -0.0114545 0.9998280 -0.0091350 0.0113748
1598427703.448960 -10.2336206 0.0965334 2.1976378 -0.0115033 0.9998578 -0.0082653 0.0091491
1598427703.747783 -10.2305965 0.0955768 2.1518412 -0.0115317 0.9998217 -0.0094157 0.0116154
1598427704.048988 -10.2279730 0.0950706 2.1053598 -0.0113708 0.9997956 -0.0090591 0.0140479
1598427704.348956 -10.2239895 0.0943926 2.0587788 -0.0114785 0.9997633 -0.0103271 0.0153260
1598427704.647759 -10.2212296 0.0935840 2.0136294 -0.0104812 0.9997275 -0.0110901 0.0176648
1598427704.947755 -10.2171917 0.0929278 1.9662781 -0.0098444 0.9997597 -0.0109864 0.0162164
1598427705.248956 -10.2131739 0.0919577 1.9178712 -0.0103487 0.9997784 -0.0099781 0.0153735
1598427705.547758 -10.2097425 0.0910042 1.8692876 -0.0098747 0.9998468 -0.0100050 0.0104334
1598427705.846599 -10.2061787 0.0905367 1.8202368 -0.0118892 0.9998499 -0.0098185 0.0078968
1598427706.147788 -10.2036304 0.0900083 1.7715514 -0.0113397 0.9998766 -0.0078288 0.0075508
1598427706.448966 -10.2011890 0.0893276 1.7225102 -0.0102022 0.9999046 -0.0092495 -0.0010805
1598427706.746563 -10.1987839 0.0883390 1.6730402 -0.0100518 0.9998842 -0.0102128 -0.0051135
1598427707.047785 -10.1974621 0.0877257 1.6223179 -0.0097910 0.9998940 -0.0094485 -0.0051908
1598427707.349003 -10.1956978 0.0868605 1.5723656 -0.0101305 0.9998978 -0.0093467 -0.0037766
1598427707.747381 -10.1928921 0.0860398 1.5040652 -0.0104721 0.9999027 -0.0091077 -0.0013834
1598427707.946593 -10.1918468 0.0855721 1.4709476 -0.0103024 0.9999001 -0.0096710 0.0002588
1598427708.148165 -10.1898527 0.0849184 1.4372042 -0.0108058 0.9998909 -0.0096885 0.0027309
1598427708.448165 -10.1870012 0.0840093 1.3876615 -0.0106498 0.9998718 -0.0111201 0.0043999
1598427708.746998 -10.1849861 0.0829986 1.3388561 -0.0100960 0.9998764 -0.0109421 0.0050589
1598427709.048190 -10.1822672 0.0823757 1.2893478 -0.0101049 0.9998944 -0.0095449 0.0042368
1598427709.349376 -10.1794710 0.0816426 1.2406906 -0.0098561 0.9998987 -0.0092304 0.0045053
1598427709.648169 -10.1770554 0.0807494 1.1933907 -0.0101276 0.9998907 -0.0101492 0.0036082
1598427709.948215 -10.1747551 0.0799241 1.1453161 -0.0101279 0.9998859 -0.0105175 0.0038636
1598427710.249405 -10.1721077 0.0795106 1.0962950 -0.0098979 0.9998853 -0.0092557 0.0067719
1598427710.549368 -10.1687660 0.0787879 1.0469186 -0.0100392 0.9998550 -0.0098773 0.0095696
1598427710.848170 -10.1657295 0.0775014 0.9983708 -0.0110165 0.9998308 -0.0120012 0.0085415
1598427711.148172 -10.1627750 0.0766848 0.9476500 -0.0107346 0.9998605 -0.0115154 0.0055737
1598427711.449370 -10.1603632 0.0755413 0.8968978 -0.0101220 0.9998832 -0.0113310 0.0016779
1598427711.948575 -10.1565018 0.0747453 0.8120431 -0.0092240 0.9999124 -0.0094321 0.0010177
1598427712.249775 -10.1542959 0.0736036 0.7618117 -0.0090474 0.9999048 -0.0103973 -0.0007528
1598427712.648179 -10.1513271 0.0725560 0.6952967 -0.0085690 0.9999140 -0.0097394 -0.0019274
1598427712.948174 -10.1501513 0.0722094 0.6460097 -0.0071082 0.9999159 -0.0108418 0.0002784
1598427713.249404 -10.1478386 0.0714997 0.5973761 -0.0078263 0.9999105 -0.0096150 0.0050348
1598427713.548176 -10.1445055 0.0704834 0.5484032 -0.0089668 0.9998616 -0.0100347 0.0097829
1598427713.947804 -10.1414986 0.0688196 0.4861430 -0.0083005 0.9997351 -0.0156438 0.0146977
1598427714.348578 -10.1369009 0.0675758 0.4227080 -0.0062497 0.9994834 -0.0137354 0.0283763
1598427714.748193 -10.1292381 0.0665126 0.3593737 -0.0076378 0.9988411 -0.0093449 0.0465913
1598427715.149016 -10.1193552 0.0657962 0.2944711 -0.0076933 0.9976927 -0.0076800 0.0670159
1598427715.547390 -10.1058769 0.0653091 0.2299265 -0.0099528 0.9957557 -0.0096783 0.0909832
1598427715.948221 -10.0890331 0.0641660 0.1625094 -0.0111031 0.9917235 -0.0069633 0.1277209
1598427716.249410 -10.0744457 0.0631168 0.1137359 -0.0097696 0.9881172 -0.0092772 0.1531108
1598427716.647783 -10.0491581 0.0623995 0.0492363 -0.0099508 0.9840852 -0.0120974 0.1770055
1598427717.048613 -10.0224133 0.0617022 -0.0147088 -0.0103661 0.9812514 -0.0093232 0.1922273
1598427717.448184 -9.9936228 0.0605113 -0.0760796 -0.0092473 0.9769261 -0.0104987 0.2131186
1598427717.847794 -9.9619198 0.0604391 -0.1353178 -0.0085895 0.9676711 -0.0083134 0.2519321
1598427718.248589 -9.9248037 0.0601163 -0.1932297 -0.0072646 0.9563837 -0.0077130 0.2919211
1598427718.646995 -9.8834963 0.0592191 -0.2460461 -0.0038727 0.9437333 -0.0100011 0.3305334
1598427719.047791 -9.8456802 0.0563878 -0.2939291 0.0074979 0.9225773 -0.0207479 0.3851810
1598427719.349010 -9.8106251 0.0560068 -0.3270206 0.0117391 0.9000562 -0.0196637 0.4351717
1598427719.647799 -9.7723045 0.0545128 -0.3548284 0.0170428 0.8796440 -0.0171114 0.4750192
1598427719.947815 -9.7288914 0.0537505 -0.3789382 0.0065791 0.8615041 -0.0142732 0.5075074
1598427720.248990 -9.6818247 0.0523416 -0.4022393 0.0088343 0.8364855 -0.0147432 0.5477195
1598427720.548994 -9.6329622 0.0510623 -0.4203975 0.0088963 0.8072591 -0.0151772 0.5899349
1598427720.748200 -9.5994225 0.0503380 -0.4302733 0.0089318 0.7885968 -0.0141410 0.6146831
1598427720.947422 -9.5658731 0.0493504 -0.4369668 0.0090168 0.7690132 -0.0137817 0.6390207
1598427721.147798 -9.5328283 0.0483243 -0.4409815 0.0077025 0.7503139 -0.0156157 0.6608524
1598427721.348192 -9.5002346 0.0471866 -0.4444167 0.0073805 0.7328982 -0.0146024 0.6801416
1598427721.548674 -9.4677515 0.0469200 -0.4452361 0.0042335 0.7172511 -0.0138589 0.6966641
1598427721.747793 -9.4344978 0.0464888 -0.4451879 0.0014802 0.7049564 -0.0093980 0.7091868
1598427721.946997 -9.4014854 0.0461581 -0.4434854 -0.0013130 0.6947325 -0.0078337 0.7192243
1598427722.147402 -9.3678093 0.0460310 -0.4405500 -0.0021507 0.6873474 -0.0077875 0.7262839
1598427722.349002 -9.3340054 0.0457321 -0.4378017 -0.0011693 0.6878354 -0.0079203 0.7258226
1598427722.647807 -9.2826710 0.0459907 -0.4331703 -0.0013772 0.6922652 -0.0073116 0.7216049
1598427722.847014 -9.2481461 0.0459092 -0.4295907 -0.0023395 0.6947747 -0.0077012 0.7191824
1598427723.047439 -9.2129688 0.0459270 -0.4267929 -0.0033824 0.6984053 -0.0081799 0.7156478
1598427723.247799 -9.1792994 0.0454038 -0.4248049 -0.0031853 0.7043150 -0.0089040 0.7098246
1598427723.449442 -9.1448441 0.0454807 -0.4229515 -0.0033807 0.7112320 -0.0084873 0.7028980
1598427723.648602 -9.1111412 0.0451700 -0.4218194 -0.0033725 0.7157825 -0.0100022 0.6982435
1598427723.847801 -9.0786562 0.0449364 -0.4211424 -0.0025970 0.7165514 -0.0111347 0.6974406
1598427724.147828 -9.0273933 0.0446136 -0.4207675 -0.0026197 0.7163906 -0.0100965 0.6976215
1598427724.449037 -8.9751568 0.0445076 -0.4198814 -0.0039673 0.7170964 -0.0085212 0.6969106
1598427724.747802 -8.9239397 0.0444665 -0.4195278 -0.0042034 0.7220118 -0.0084178 0.6918167
1598427724.947000 -8.8908787 0.0443991 -0.4193552 -0.0039976 0.7248961 -0.0097605 0.6887774
1598427725.248205 -8.8403559 0.0444100 -0.4201084 -0.0041053 0.7300478 -0.0088409 0.6833267
1598427725.548212 -8.7896290 0.0442452 -0.4207510 -0.0065321 0.7281023 -0.0081787 0.6853886
1598427725.848237 -8.7401524 0.0441651 -0.4219541 -0.0050474 0.7231928 -0.0088832 0.6905707
1598427726.148216 -8.6905127 0.0441888 -0.4228270 -0.0014664 0.7245645 -0.0083497 0.6891549
1598427726.449409 -8.6399822 0.0436141 -0.4236358 -0.0028376 0.7340327 -0.0116734 0.6790078
1598427726.747009 -8.5877905 0.0432148 -0.4260125 -0.0045273 0.7417213 -0.0098676 0.6706204
1598427727.048205 -8.5347595 0.0428192 -0.4295051 -0.0035241 0.7469649 -0.0082091 0.6648036
1598427727.349440 -8.4813795 0.0425010 -0.4337340 0.0009478 0.7454908 -0.0079235 0.6664682
1598427727.648237 -8.4260054 0.0423163 -0.4382741 0.0013550 0.7418143 -0.0056065 0.6705806
1598427727.948212 -8.3672705 0.0425284 -0.4400473 -0.0025434 0.7326076 -0.0055656 0.6806237
1598427728.249426 -8.3077393 0.0423045 -0.4421948 0.0006870 0.7314448 -0.0067260 0.6818671
1598427728.647809 -8.2283621 0.0416388 -0.4426134 -0.0011305 0.7194003 -0.0074039 0.6945553
1598427729.048615 -8.1516314 0.0416018 -0.4412229 -0.0026369 0.7182665 -0.0086426 0.6957094
1598427729.448256 -8.0770912 0.0411292 -0.4406368 -0.0049683 0.7211747 -0.0099811 0.6926636
1598427729.847811 -8.0019073 0.0407638 -0.4409965 -0.0040964 0.7264667 -0.0090014 0.6871305
1598427730.248629 -7.9282985 0.0404816 -0.4424005 -0.0014366 0.7293866 -0.0084314 0.6840483
1598427730.547423 -7.8743978 0.0397760 -0.4433180 -0.0014584 0.7267949 -0.0092865 0.6867902
1598427730.847450 -7.8202381 0.0392892 -0.4447376 -0.0000500 0.7248205 -0.0089490 0.6888797
1598427731.148632 -7.7636247 0.0389656 -0.4446793 -0.0019792 0.7240384 -0.0073701 0.6897175
1598427731.448647 -7.7080746 0.0389801 -0.4441435 -0.0030575 0.7214051 -0.0084580 0.6924549
1598427731.748658 -7.6512899 0.0386579 -0.4445059 -0.0030399 0.7206446 -0.0071389 0.6932613
1598427732.048625 -7.5943823 0.0384896 -0.4434876 -0.0030350 0.7190263 -0.0070510 0.6949404
1598427732.348637 -7.5383983 0.0385843 -0.4438571 0.0000646 0.7184293 -0.0074591 0.6955599
1598427732.748226 -7.4641504 0.0383793 -0.4421731 -0.0000650 0.7147199 -0.0071682 0.6993741
1598427733.149028 -7.3922281 0.0382343 -0.4405850 -0.0004597 0.7193826 -0.0047112 0.6945978
1598427733.547435 -7.3207879 0.0383435 -0.4405131 -0.0017130 0.7276725 -0.0027032 0.6859172
1598427733.848665 -7.2656488 0.0383512 -0.4419259 -0.0006955 0.7319556 -0.0002904 0.6813520
1598427734.148656 -7.2115817 0.0384629 -0.4432247 -0.0005705 0.7273932 -0.0017277 0.6862186
1598427734.447457 -7.1566863 0.0384961 -0.4440705 0.0006787 0.7239799 -0.0027587 0.6898152
1598427734.848233 -7.0829616 0.0383768 -0.4436238 0.0005235 0.7170474 -0.0033582 0.6970161
1598427735.247844 -7.0080929 0.0378434 -0.4418904 0.0000569 0.7139114 -0.0042156 0.7002233
1598427735.647441 -6.9315434 0.0377736 -0.4397619 -0.0013414 0.7140304 -0.0041034 0.7001014
1598427735.948657 -6.8743362 0.0377992 -0.4383933 -0.0006843 0.7112486 -0.0031465 0.7029332
1598427736.248645 -6.8171949 0.0377572 -0.4361260 -0.0013510 0.7074363 -0.0042771 0.7067629
1598427736.547449 -6.7618146 0.0372341 -0.4345926 0.0014868 0.7084201 -0.0047196 0.7057737
1598427736.848644 -6.7049241 0.0375147 -0.4315142 0.0011682 0.7083136 -0.0051726 0.7058780
1598427737.148677 -6.6519666 0.0369487 -0.4294180 0.0015301 0.7071339 -0.0054837 0.7070568
1598427737.548241 -6.5822601 0.0369354 -0.4263653 0.0002033 0.7132734 -0.0046968 0.7008702
1598427737.949031 -6.5101318 0.0370019 -0.4244279 -0.0009750 0.7203911 -0.0049565 0.6935496
1598427738.348664 -6.4385409 0.0369004 -0.4242814 -0.0035425 0.7275995 -0.0042938 0.6859796
1598427738.648675 -6.3846025 0.0372356 -0.4251443 -0.0053643 0.7308928 -0.0043550 0.6824573
1598427739.048234 -6.3112464 0.0372115 -0.4261070 -0.0039302 0.7367444 -0.0056905 0.6761359
1598427739.447878 -6.2370505 0.0372989 -0.4276083 -0.0010012 0.7348651 -0.0071965 0.6781744
1598427739.848689 -6.1629086 0.0374859 -0.4307265 -0.0015127 0.7352645 -0.0064025 0.6777484
1598427740.248235 -6.0905151 0.0368032 -0.4328321 -0.0027735 0.7377402 -0.0080904 0.6750306
1598427740.649046 -6.0195704 0.0369361 -0.4361378 -0.0032157 0.7420310 -0.0094506 0.6702913
1598427741.047497 -5.9502335 0.0365959 -0.4388103 -0.0055551 0.7388394 -0.0101029 0.6737829
1598427741.449448 -5.8782282 0.0361381 -0.4416246 -0.0071693 0.7395593 -0.0124052 0.6729389
1598427741.847865 -5.8068414 0.0362394 -0.4435423 -0.0078640 0.7383448 -0.0153674 0.6742024
1598427742.248691 -5.7351027 0.0354876 -0.4447772 -0.0077852 0.7266327 -0.0149573 0.6868193
1598427742.649455 -5.6637921 0.0354041 -0.4456449 -0.0071252 0.7255521 -0.0129422 0.6880087
1598427743.047844 -5.5923352 0.0347103 -0.4475787 -0.0052857 0.7296269 -0.0122056 0.6837161
1598427743.448686 -5.5196295 0.0342006 -0.4480833 -0.0024672 0.7221664 -0.0127679 0.6915972
1598427743.849445 -5.4480214 0.0339495 -0.4486777 -0.0007776 0.7187684 -0.0088373 0.6951931
1598427744.247846 -5.3797283 0.0326799 -0.4470865 0.0006616 0.7143688 -0.0096988 0.6997018
1598427744.649847 -5.3113542 0.0319282 -0.4450512 0.0019987 0.7124372 -0.0109364 0.7016479
1598427745.048249 -5.2405910 0.0314812 -0.4429838 -0.0004990 0.7181008 -0.0069179 0.6959046
1598427745.446654 -5.1695113 0.0307257 -0.4419768 -0.0011922 0.7194079 -0.0064531 0.6945569
1598427745.949458 -5.0791736 0.0303910 -0.4404655 0.0001335 0.7194241 -0.0066642 0.6945391
1598427746.346683 -5.0063825 0.0300181 -0.4404434 0.0001544 0.7265234 -0.0053992 0.6871205
1598427746.747487 -4.9311733 0.0298275 -0.4408672 0.0016757 0.7250435 -0.0069047 0.6886664
1598427747.149456 -4.8545222 0.0297844 -0.4403070 0.0005988 0.7217653 -0.0054111 0.6921164
1598427747.546680 -4.7825556 0.0290386 -0.4399478 0.0009873 0.7180894 -0.0059815 0.6959245
1598427747.948693 -4.7104077 0.0281004 -0.4388772 0.0009838 0.7143923 -0.0069152 0.6997105
1598427748.348283 -4.6373305 0.0282196 -0.4363783 -0.0018116 0.7130253 -0.0059771 0.7011105
1598427748.647074 -4.5848408 0.0274206 -0.4348238 -0.0012952 0.7123563 -0.0073097 0.7017788
1598427749.049057 -4.5117321 0.0266285 -0.4327619 -0.0004304 0.7155784 -0.0075207 0.6984919
1598427749.448696 -4.4375582 0.0266615 -0.4311621 -0.0014754 0.7221323 -0.0050671 0.6917349
1598427749.747509 -4.3827386 0.0258131 -0.4306926 -0.0012942 0.7281973 -0.0051186 0.6853473
1598427750.149460 -4.3082762 0.0261997 -0.4318798 -0.0004886 0.7311711 -0.0064205 0.6821638
1598427750.547890 -4.2330990 0.0257798 -0.4341753 -0.0018655 0.7343407 -0.0062463 0.6787497
1598427750.948704 -4.1580515 0.0258850 -0.4370517 0.0001151 0.7397861 -0.0072838 0.6728027
1598427751.447863 -4.0675449 0.0253271 -0.4402446 0.0014857 0.7348367 -0.0077412 0.6781982
1598427751.848711 -3.9968390 0.0247063 -0.4416841 -0.0000105 0.7378214 -0.0084900 0.6749426
1598427752.248292 -3.9281838 0.0244341 -0.4451600 -0.0004205 0.7426805 -0.0086288 0.6695902
1598427752.748728 -3.8415349 0.0237427 -0.4485537 -0.0008652 0.7473960 -0.0113491 0.6642813
1598427753.148267 -3.7689631 0.0233168 -0.4542431 -0.0008945 0.7526186 -0.0100708 0.6583791
1598427753.547871 -3.6942482 0.0231403 -0.4608166 -0.0006740 0.7524495 -0.0101721 0.6585711
1598427753.948717 -3.6183310 0.0226065 -0.4672762 -0.0003069 0.7532061 -0.0113103 0.6576873
1598427754.347067 -3.5421228 0.0214636 -0.4733353 -0.0005944 0.7521130 -0.0120189 0.6589243
1598427754.749111 -3.4674597 0.0203563 -0.4801501 -0.0011355 0.7482507 -0.0119080 0.6633082
1598427755.248269 -3.3749418 0.0197566 -0.4871365 0.0002111 0.7493632 -0.0107190 0.6620724
1598427755.748739 -3.2824059 0.0195583 -0.4930012 -0.0060973 0.7284954 -0.0081705 0.6849748
1598427756.149472 -3.2096841 0.0184249 -0.4935490 -0.0044163 0.7179140 -0.0110926 0.6960294
1598427756.647478 -3.1221101 0.0176770 -0.4933813 0.0013053 0.7199397 -0.0100489 0.6939626
1598427757.149104 -3.0351703 0.0164413 -0.4920239 -0.0031453 0.7259030 -0.0113356 0.6876965
1598427757.647079 -2.9511142 0.0157906 -0.4931028 -0.0050443 0.7382060 -0.0126136 0.6744385
1598427758.148680 -2.8683934 0.0149996 -0.5001761 -0.0028660 0.7620401 -0.0129297 0.6473944
1598427758.647886 -2.7811463 0.0138126 -0.5104510 -0.0034206 0.7610821 -0.0135130 0.6485057
1598427759.049889 -2.7061999 0.0126586 -0.5186565 -0.0027481 0.7543313 -0.0129773 0.6563600
1598427759.546708 -2.6147039 0.0116593 -0.5270244 -0.0008631 0.7441866 -0.0117215 0.6678684
1598427760.049510 -2.5217614 0.0101239 -0.5318458 -0.0008023 0.7395332 -0.0095253 0.6730522
1598427760.547489 -2.4330730 0.0095568 -0.5373650 -0.0002462 0.7455753 -0.0085877 0.6663660
1598427761.049094 -2.3440602 0.0086706 -0.5436445 0.0009222 0.7495406 -0.0089488 0.6618973
1598427761.548285 -2.2524438 0.0078399 -0.5498948 -0.0012025 0.7485100 -0.0083352 0.6630700
1598427762.049913 -2.1593723 0.0068645 -0.5561037 -0.0034309 0.7446025 -0.0095252 0.6674314
1598427762.547901 -2.0667100 0.0060772 -0.5621144 -0.0012666 0.7471758 -0.0125271 0.6645072
1598427763.049524 -1.9729044 0.0050981 -0.5687764 -0.0034080 0.7460451 -0.0095095 0.6658188
1598427763.449089 -1.8971006 0.0045043 -0.5733507 -0.0032154 0.7474242 -0.0095865 0.6642701
1598427763.948308 -1.8041848 0.0037358 -0.5808693 -0.0024079 0.7489883 -0.0102783 0.6624991
1598427764.349110 -1.7284054 0.0029228 -0.5867006 -0.0005376 0.7485274 -0.0089482 0.6630433
1598427764.747493 -1.6540235 0.0021049 -0.5919185 -0.0018222 0.7471972 -0.0112753 0.6645043
1598427765.149492 -1.5784777 0.0019002 -0.5961159 -0.0032720 0.7430640 -0.0116626 0.6691108
1598427765.647493 -1.4867491 0.0012819 -0.6028539 -0.0016768 0.7432352 -0.0101184 0.6689516
1598427766.048295 -1.4121532 0.0003664 -0.6073278 -0.0017777 0.7404847 -0.0091849 0.6720082
1598427766.349519 -1.3566325 -0.0001619 -0.6092154 -0.0027936 0.7350158 -0.0103394 0.6779653
1598427766.648295 -1.3014381 -0.0002945 -0.6109505 -0.0028216 0.7356825 -0.0110729 0.6772301
1598427767.047896 -1.2292869 -0.0012515 -0.6135537 -0.0027851 0.7409914 -0.0120804 0.6714001
1598427767.448737 -1.1554267 -0.0017494 -0.6178285 -0.0020608 0.7395057 -0.0106958 0.6730621
1598427767.848304 -1.0804539 -0.0024581 -0.6214561 -0.0017410 0.7358360 -0.0104211 0.6770774
1598427768.249098 -1.0058992 -0.0032264 -0.6238708 -0.0012926 0.7266515 -0.0109636 0.6869175
1598427768.648699 -0.9301344 -0.0037177 -0.6240041 -0.0019268 0.7118534 -0.0102578 0.7022505
1598427769.048333 -0.8544986 -0.0043176 -0.6202547 -0.0035852 0.6970908 -0.0116109 0.7168799
1598427769.449131 -0.7796028 -0.0052519 -0.6142080 -0.0002144 0.6932487 -0.0111015 0.7206129
1598427769.747936 -0.7261562 -0.0052774 -0.6088486 -0.0025777 0.6935471 -0.0115537 0.7203141
1598427770.148739 -0.6545077 -0.0060807 -0.6027356 -0.0023519 0.6988598 -0.0119422 0.7151552
1598427770.549523 -0.5835021 -0.0064565 -0.5973413 -0.0021986 0.6987089 -0.0125562 0.7152926
1598427770.947914 -0.5135642 -0.0069138 -0.5922946 -0.0028729 0.6843433 -0.0102220 0.7290827
1598427771.249122 -0.4604229 -0.0070086 -0.5857038 -0.0030874 0.6656551 -0.0102737 0.7461824
1598427771.547907 -0.4075862 -0.0073537 -0.5762948 -0.0017723 0.6319774 -0.0097254 0.7749237
1598427771.847907 -0.3538831 -0.0061344 -0.5599477 -0.0039852 0.5868071 -0.0096136 0.8096598
1598427772.149108 -0.3044243 -0.0060361 -0.5411842 -0.0043077 0.5401876 -0.0062901 0.8415101
1598427772.449116 -0.2585030 -0.0059921 -0.5158733 -0.0045449 0.4923245 -0.0070817 0.8703710
1598427772.747910 -0.2159882 -0.0054378 -0.4870750 -0.0019233 0.4380513 -0.0041240 0.8989385
1598427772.948316 -0.1894286 -0.0051601 -0.4648482 -0.0030840 0.4002444 -0.0035131 0.9163965
1598427773.249511 -0.1546916 -0.0048803 -0.4283546 -0.0035729 0.3443666 -0.0036500 0.9388214
1598427773.548346 -0.1228635 -0.0048203 -0.3855135 -0.0049855 0.2967936 -0.0017458 0.9549271
1598427773.848322 -0.0968551 -0.0041381 -0.3410989 -0.0072387 0.2553153 -0.0010319 0.9668302
1598427774.048718 -0.0815854 -0.0031030 -0.3093997 -0.0077693 0.2255857 -0.0009668 0.9741918
1598427774.249116 -0.0676594 -0.0027159 -0.2772325 -0.0085299 0.1952143 0.0006045 0.9807233
1598427774.448316 -0.0565797 -0.0023664 -0.2462808 -0.0058587 0.1672136 -0.0009350 0.9859028
1598427774.748315 -0.0433354 -0.0020580 -0.1991217 -0.0014607 0.1334039 0.0009218 0.9910603
1598427774.948726 -0.0371250 -0.0016671 -0.1666517 -0.0024747 0.1143634 -0.0010579 0.9934353
1598427775.149136 -0.0321509 -0.0010609 -0.1330330 -0.0033775 0.0961289 -0.0007355 0.9953629
1598427775.348343 -0.0275115 -0.0008742 -0.0993107 -0.0038943 0.0798096 -0.0014324 0.9968015
1598427775.447952 -0.0260164 -0.0009831 -0.0834079 -0.0025293 0.0731981 -0.0007044 0.9973140
1598427775.548716 -0.0241530 -0.0009202 -0.0670713 -0.0018116 0.0654429 -0.0010600 0.9978541
1598427775.648328 -0.0231877 -0.0008604 -0.0514451 0.0008017 0.0591263 -0.0014352 0.9982492
1598427775.848760 -0.0213563 -0.0007324 -0.0192746 0.0011668 0.0484496 -0.0010338 0.9988244
1598427776.049118 -0.0203443 0.0001359 0.0135390 -0.0027240 0.0393586 -0.0017321 0.9992200
1598427777.148323 -0.0149253 0.0025608 0.1811901 -0.0050590 0.0396909 0.0009794 0.9991987
1598427778.348322 -0.0147748 0.0050667 0.3513314 -0.0088314 -0.0001165 -0.0015119 0.9999598
1598427779.448754 -0.0199001 0.0070551 0.4812426 -0.0068511 0.0414413 -0.0004156 0.9991174
1598427780.449527 -0.0156244 0.0083457 0.5719139 -0.0028675 0.0403540 -0.0006947 0.9991811
1598427781.549931 -0.0148409 0.0090175 0.6334344 -0.0049497 0.0219710 -0.0000149 0.9997463
1598427782.549531 -0.0152174 0.0092936 0.6627481 -0.0080469 0.0380753 -0.0010088 0.9992419
