1600671930.715225 0.0000000 0.0000000 0.0000000 0.0000000 0.0000000 0.0000000 1.0000000
1600671932.815518 0.0006673 -0.0002367 0.0433019 0.0036067 -0.0017567 0.0009471 0.9999915
1600671933.017413 0.0009058 -0.0003250 0.0597621 0.0032641 -0.0024382 0.0009568 0.9999912
1600671933.118692 0.0005589 -0.0002503 0.0685144 0.0030983 -0.0027611 0.0008736 0.9999910
1600671933.219303 0.0005986 -0.0008171 0.0774405 0.0029061 -0.0032085 0.0007440 0.9999903
1600671933.320581 0.0005258 -0.0012995 0.0865086 0.0028633 -0.0034815 0.0005925 0.9999897
1600671933.521151 -0.0000141 -0.0012067 0.1057848 0.0033485 -0.0041431 0.0001960 0.9999858
1600671933.621126 -0.0003076 -0.0014322 0.1158553 0.0032043 -0.0044863 -0.0000820 0.9999848
1600671933.720383 -0.0003776 -0.0017868 0.1262887 0.0027851 -0.0048588 -0.0001498 0.9999843
1600671933.918334 -0.0005890 -0.0022947 0.1480076 0.0023343 -0.0059597 -0.0002318 0.9999795
1600671934.116202 -0.0011058 -0.0021731 0.1706572 0.0028675 -0.0070309 0.0001197 0.9999712
1600671934.315426 -0.0013177 -0.0025813 0.1949569 0.0026269 -0.0082660 0.0005579 0.9999622
1600671934.615999 -0.0024567 -0.0034650 0.2346525 0.0018713 -0.0099896 0.0006904 0.9999481
1600671934.717229 -0.0027597 -0.0035269 0.2483700 0.0020482 -0.0106588 0.0007692 0.9999408
1600671934.817844 -0.0031265 -0.0036547 0.2625861 0.0021039 -0.0112787 0.0005592 0.9999340
1600671934.919127 -0.0034622 -0.0037068 0.2772556 0.0019723 -0.0119343 0.0004908 0.9999267
1600671935.220975 -0.0040635 -0.0043497 0.3230789 0.0015491 -0.0138016 0.0002846 0.9999035
1600671935.420242 -0.0056629 -0.0042474 0.3545142 0.0012779 -0.0149696 0.0007532 0.9998869
1600671935.618778 -0.0078106 -0.0051614 0.3875867 0.0009439 -0.0166041 0.0009067 0.9998613
1600671935.816021 -0.0083450 -0.0060072 0.4207194 0.0011238 -0.0184593 0.0009128 0.9998286
1600671936.014586 -0.0096128 -0.0063389 0.4558591 0.0011772 -0.0203818 0.0011484 0.9997909
1600671936.214512 -0.0119887 -0.0069159 0.4919802 0.0018490 -0.0221097 0.0002881 0.9997538
1600671936.416385 -0.0138029 -0.0075722 0.5295017 0.0023135 -0.0236794 -0.0000404 0.9997169
1600671936.618288 -0.0157416 -0.0082477 0.5685008 0.0022842 -0.0262137 0.0001382 0.9996538
1600671936.820883 -0.0180261 -0.0088302 0.6080621 0.0024965 -0.0282521 0.0001741 0.9995977
1600671937.021427 -0.0203452 -0.0091212 0.6488258 0.0024569 -0.0304195 0.0005588 0.9995341
1600671937.220657 -0.0231029 -0.0100334 0.6899022 0.0022367 -0.0321167 0.0000571 0.9994816
1600671937.418582 -0.0262376 -0.0108160 0.7317371 0.0016139 -0.0330891 -0.0003319 0.9994510
1600671937.616474 -0.0288991 -0.0113203 0.7751439 0.0013152 -0.0340258 -0.0002975 0.9994200
1600671937.814363 -0.0322200 -0.0118940 0.8190908 0.0003494 -0.0341592 -0.0012578 0.9994156
1600671938.014302 -0.0350594 -0.0124718 0.8648173 0.0003512 -0.0338523 -0.0013149 0.9994259
1600671938.216179 -0.0384975 -0.0128830 0.9120072 -0.0000639 -0.0328666 -0.0022989 0.9994571
1600671938.418065 -0.0405021 -0.0133460 0.9606922 -0.0011144 -0.0319216 -0.0024896 0.9994866
1600671938.620631 -0.0438523 -0.0139760 1.0098857 -0.0012105 -0.0306512 -0.0032054 0.9995243
1600671938.821202 -0.0466125 -0.0143784 1.0607085 -0.0019141 -0.0295518 -0.0036215 0.9995549
1600671939.020437 -0.0490370 -0.0152193 1.1111624 -0.0018986 -0.0278722 -0.0035710 0.9996033
1600671939.218338 -0.0521393 -0.0154604 1.1629255 -0.0026632 -0.0266479 -0.0055388 0.9996260
1600671939.416239 -0.0551502 -0.0158100 1.2162472 -0.0020523 -0.0252614 -0.0063853 0.9996584
1600671939.614808 -0.0568723 -0.0161529 1.2699548 -0.0018523 -0.0246393 -0.0055123 0.9996795
1600671939.814730 -0.0597262 -0.0162023 1.3258765 -0.0012019 -0.0232674 -0.0069847 0.9997042
1600671940.015945 -0.0629750 -0.0168370 1.3832551 -0.0029588 -0.0227687 -0.0081826 0.9997029
1600671940.217847 -0.0651090 -0.0172474 1.4421334 -0.0035080 -0.0219263 -0.0075627 0.9997248
1600671940.419746 -0.0677372 -0.0178751 1.5008745 -0.0017748 -0.0211761 -0.0080409 0.9997419
1600671940.620980 -0.0707089 -0.0178086 1.5604721 -0.0020915 -0.0207895 -0.0092131 0.9997392
1600671940.820248 -0.0726099 -0.0185468 1.6202387 -0.0016835 -0.0210344 -0.0080653 0.9997448
1600671941.018118 -0.0742237 -0.0189373 1.6804773 -0.0026195 -0.0212006 -0.0074129 0.9997444
1600671941.216069 -0.0771185 -0.0193772 1.7406336 -0.0025425 -0.0210916 -0.0094476 0.9997297
1600671941.414593 -0.0807989 -0.0193790 1.8015358 -0.0009556 -0.0216977 -0.0110651 0.9997029
1600671941.614492 -0.0829941 -0.0200563 1.8636203 -0.0011745 -0.0222389 -0.0104795 0.9996971
1600671941.816416 -0.0852122 -0.0206755 1.9258063 -0.0010198 -0.0225543 -0.0101941 0.9996931
1600671942.018305 -0.0883540 -0.0213641 1.9889306 -0.0016984 -0.0225988 -0.0108958 0.9996838
1600671942.220222 -0.0908817 -0.0217325 2.0523598 -0.0014917 -0.0229349 -0.0106309 0.9996793
1600671942.420758 -0.0935578 -0.0224749 2.1151025 -0.0015976 -0.0231236 -0.0107395 0.9996737
1600671942.619360 -0.0958594 -0.0229410 2.1772144 -0.0013404 -0.0235536 -0.0112726 0.9996581
1600671942.817236 -0.0985606 -0.0240266 2.2382810 -0.0007849 -0.0239470 -0.0108576 0.9996539
1600671943.015141 -0.1012851 -0.0246263 2.2999287 -0.0008674 -0.0245610 -0.0113211 0.9996338
1600671943.214370 -0.1045789 -0.0250399 2.3616474 -0.0002251 -0.0241920 -0.0122524 0.9996322
1600671943.414936 -0.1068562 -0.0257892 2.4236577 -0.0004592 -0.0248383 -0.0115505 0.9996247
1600671943.616838 -0.1099069 -0.0266835 2.4867899 -0.0014378 -0.0248631 -0.0119263 0.9996187
1600671943.818741 -0.1129024 -0.0273388 2.5488656 -0.0016397 -0.0243755 -0.0121558 0.9996276
1600671944.020637 -0.1149356 -0.0280386 2.6109006 -0.0022423 -0.0243705 -0.0122771 0.9996251
1600671944.220544 -0.1174453 -0.0284806 2.6719019 -0.0023092 -0.0238785 -0.0126668 0.9996319
1600671944.419112 -0.1200418 -0.0289841 2.7322853 -0.0017410 -0.0230055 -0.0125484 0.9996551
1600671944.715635 -0.1235322 -0.0301459 2.8224821 -0.0025685 -0.0221029 -0.0124376 0.9996750
1600671944.914217 -0.1256623 -0.0306728 2.8817739 -0.0031946 -0.0216745 -0.0124956 0.9996819
1600671945.114130 -0.1279785 -0.0309206 2.9414411 -0.0025076 -0.0205006 -0.0126778 0.9997063
1600671945.316006 -0.1300960 -0.0311524 3.0018778 -0.0026904 -0.0203193 -0.0131121 0.9997039
1600671945.517904 -0.1318908 -0.0314469 3.0615547 -0.0029110 -0.0199596 -0.0132772 0.9997084
1600671945.720468 -0.1340079 -0.0317205 3.1210773 -0.0028637 -0.0194109 -0.0140414 0.9997089
1600671945.921038 -0.1360704 -0.0323056 3.1799264 -0.0033384 -0.0185738 -0.0145439 0.9997161
1600671946.120281 -0.1377563 -0.0324577 3.2377961 -0.0036309 -0.0181748 -0.0141626 0.9997279
1600671946.318848 -0.1395444 -0.0326411 3.2957466 -0.0048742 -0.0176273 -0.0145435 0.9997270
1600671946.516773 -0.1416802 -0.0328343 3.3532050 -0.0042863 -0.0169269 -0.0159487 0.9997203
1600671946.714655 -0.1437185 -0.0327348 3.4103556 -0.0038568 -0.0166168 -0.0170696 0.9997088
1600671946.914570 -0.1450007 -0.0336370 3.4677870 -0.0031146 -0.0163090 -0.0168825 0.9997196
1600671947.115786 -0.1446507 -0.0332395 3.5263510 -0.0053128 -0.0154991 -0.0134848 0.9997748
1600671947.318352 -0.1474031 -0.0334830 3.5846474 -0.0051312 -0.0144285 -0.0158001 0.9997579
1600671947.519586 -0.1498210 -0.0340212 3.6424983 -0.0050001 -0.0139187 -0.0183350 0.9997225
1600671947.720157 -0.1508360 -0.0344659 3.6988668 -0.0033359 -0.0140068 -0.0175919 0.9997416
1600671947.919395 -0.1508284 -0.0342231 3.7538810 -0.0007231 -0.0130533 -0.0148586 0.9998041
1600671948.215910 -0.1539211 -0.0354483 3.8369906 -0.0023015 -0.0124557 -0.0178119 0.9997611
1600671948.513768 -0.1554755 -0.0360933 3.9181237 -0.0013724 -0.0114281 -0.0182254 0.9997677
1600671948.915599 -0.1574709 -0.0377024 4.0262403 0.0002993 -0.0103427 -0.0191885 0.9997624
1600671949.218760 -0.1589350 -0.0389058 4.1049895 0.0000867 -0.0097347 -0.0198209 0.9997562
1600671949.420008 -0.1597109 -0.0389418 4.1560884 0.0007782 -0.0088546 -0.0203448 0.9997535
1600671949.619885 -0.1608746 -0.0397906 4.2064476 0.0002682 -0.0084734 -0.0223165 0.9997150
1600671949.917217 -0.1620570 -0.0409281 4.2799163 0.0004838 -0.0080515 -0.0224187 0.9997161
1600671950.314211 -0.1625598 -0.0419851 4.3763251 -0.0010569 -0.0068889 -0.0210037 0.9997551
1600671950.514774 -0.1627886 -0.0426064 4.4232960 -0.0014411 -0.0068297 -0.0211441 0.9997520
1600671950.716678 -0.1631727 -0.0429109 4.4723172 -0.0025636 -0.0060199 -0.0196753 0.9997850
1600671950.918594 -0.1629548 -0.0434688 4.5201960 -0.0043063 -0.0060639 -0.0198062 0.9997762
1600671951.120479 -0.1630796 -0.0435572 4.5674763 -0.0037595 -0.0055453 -0.0196545 0.9997844
1600671951.320587 -0.1630180 -0.0438766 4.6152463 -0.0043476 -0.0052551 -0.0192927 0.9997906
1600671951.518952 -0.1624413 -0.0443912 4.6610012 -0.0030440 -0.0053143 -0.0180016 0.9998192
1600671951.716862 -0.1625690 -0.0447733 4.7074189 -0.0015839 -0.0046617 -0.0172926 0.9998384
1600671951.914754 -0.1626378 -0.0449028 4.7549510 -0.0010698 -0.0038117 -0.0178816 0.9998323
1600671952.113988 -0.1626154 -0.0453502 4.8019981 -0.0005868 -0.0026815 -0.0176643 0.9998402
1600671952.314562 -0.1620193 -0.0460448 4.8503013 -0.0002702 -0.0015155 -0.0165307 0.9998622
1600671952.516454 -0.1616661 -0.0465092 4.8991508 -0.0011486 -0.0006179 -0.0167312 0.9998592
1600671952.719022 -0.1617420 -0.0469098 4.9489985 -0.0016364 0.0005752 -0.0174724 0.9998459
1600671952.920919 -0.1613431 -0.0473233 4.9988379 -0.0012112 0.0025146 -0.0176527 0.9998403
1600671953.120155 -0.1600207 -0.0482367 5.0468755 -0.0002240 0.0043083 -0.0171148 0.9998443
1600671953.318730 -0.1591758 -0.0486661 5.0951905 0.0000997 0.0064619 -0.0169147 0.9998360
1600671953.516627 -0.1573082 -0.0485886 5.1453619 -0.0014536 0.0094961 -0.0153568 0.9998359
1600671953.813811 -0.1545384 -0.0498366 5.2201357 -0.0020633 0.0151869 -0.0152682 0.9997660
1600671954.114341 -0.1491135 -0.0498110 5.2979069 -0.0045053 0.0239830 -0.0147115 0.9995940
1600671954.316897 -0.1449606 -0.0498998 5.3500700 -0.0029650 0.0317352 -0.0168148 0.9993505
1600671954.720698 -0.1309654 -0.0513085 5.4538088 -0.0011374 0.0487157 -0.0129592 0.9987280
1600671954.920603 -0.1219537 -0.0516082 5.5052881 0.0018810 0.0589075 -0.0101823 0.9982097
1600671955.217799 -0.1082178 -0.0520873 5.5829988 0.0017669 0.0741284 -0.0111016 0.9971853
1600671955.514973 -0.0935841 -0.0538068 5.6591702 0.0027093 0.0891529 -0.0111500 0.9959518
1600671955.814175 -0.0746732 -0.0551417 5.7361970 0.0014383 0.1036364 -0.0092851 0.9945709
1600671956.015405 -0.0600655 -0.0557188 5.7882857 0.0012772 0.1135657 -0.0080321 0.9934972
1600671956.217297 -0.0456444 -0.0561195 5.8406830 0.0003797 0.1229785 -0.0089868 0.9923686
1600671956.419199 -0.0301813 -0.0573059 5.8932247 -0.0010017 0.1325171 -0.0093978 0.9911357
1600671956.619762 -0.0119394 -0.0572981 5.9454446 -0.0017716 0.1419118 -0.0074695 0.9898496
1600671956.918285 0.0164086 -0.0581258 6.0225420 -0.0015524 0.1569283 -0.0070949 0.9875833
1600671957.116197 0.0356082 -0.0579797 6.0754223 -0.0047029 0.1679704 -0.0096082 0.9857340
1600671957.314087 0.0572379 -0.0582719 6.1280289 -0.0062253 0.1786682 -0.0087819 0.9838505
1600671957.514003 0.0795710 -0.0584696 6.1793599 -0.0040406 0.1899360 -0.0102504 0.9817346
1600671957.714555 0.1041090 -0.0585963 6.2320118 -0.0037790 0.2027521 -0.0113943 0.9791565
1600671957.917123 0.1308115 -0.0598382 6.2821608 -0.0000251 0.2157884 -0.0117633 0.9763693
1600671958.119025 0.1597593 -0.0604508 6.3329754 0.0032512 0.2295006 -0.0118339 0.9732311
1600671958.320255 0.1881385 -0.0611200 6.3836641 0.0027706 0.2436090 -0.0152975 0.9697489
1600671958.519491 0.2196341 -0.0626016 6.4320912 0.0038540 0.2566029 -0.0152859 0.9663883
1600671958.915962 0.2873900 -0.0655147 6.5261698 0.0044492 0.2864097 -0.0093220 0.9580516
1600671959.113881 0.3233137 -0.0660240 6.5722160 0.0035562 0.3010034 -0.0096329 0.9535678
1600671959.313766 0.3614557 -0.0673076 6.6176014 0.0005597 0.3149266 -0.0073140 0.9490877
1600671959.515670 0.4016075 -0.0685226 6.6612301 0.0001983 0.3306542 -0.0053090 0.9437370
1600671959.717569 0.4422755 -0.0692926 6.7039471 -0.0001747 0.3472457 -0.0041936 0.9377648
1600671959.919471 0.4839530 -0.0700801 6.7446718 0.0012006 0.3648862 -0.0060297 0.9310318
1600671960.219988 0.5501971 -0.0720062 6.8024578 0.0035211 0.3906539 -0.0072490 0.9205024
1600671960.615797 0.6419692 -0.0737013 6.8724742 0.0038558 0.4246299 -0.0067227 0.9053338
1600671960.813696 0.6884665 -0.0754710 6.9052582 0.0041220 0.4406561 -0.0079033 0.8976318
1600671961.013646 0.7381594 -0.0766656 6.9365597 0.0042935 0.4576868 -0.0073027 0.8890731
1600671961.214163 0.7889943 -0.0778854 6.9654031 0.0044650 0.4737719 -0.0061609 0.8806148
1600671961.416734 0.8409851 -0.0794052 6.9945135 0.0037546 0.4899147 -0.0074399 0.8717306
1600671961.719915 0.9203765 -0.0817157 7.0325313 0.0039261 0.5139694 -0.0082028 0.8577603
1600671961.920511 0.9754691 -0.0825914 7.0551100 0.0037663 0.5293927 -0.0059649 0.8483475
1600671962.119054 1.0304821 -0.0839343 7.0753803 0.0043739 0.5448965 -0.0038750 0.8384829
1600671962.316960 1.0856261 -0.0853826 7.0943069 0.0027397 0.5603432 -0.0034056 0.8282490
1600671962.713424 1.1971877 -0.0873897 7.1252213 0.0038565 0.5898715 -0.0039156 0.8074784
1600671962.913329 1.2549870 -0.0886282 7.1367888 0.0052880 0.6038237 -0.0018018 0.7970983
1600671963.115241 1.3129612 -0.0896330 7.1488070 0.0034498 0.6176124 -0.0020133 0.7864725
1600671963.317126 1.3715359 -0.0908355 7.1581874 0.0029632 0.6307524 -0.0019561 0.7759760
1600671963.519057 1.4295260 -0.0918932 7.1639585 0.0056531 0.6434370 -0.0012142 0.7654772
1600671963.819552 1.5160167 -0.0928130 7.1724420 0.0065450 0.6595293 -0.0012719 0.7516493
1600671964.018120 1.5718348 -0.0940126 7.1765389 0.0062122 0.6680049 -0.0002091 0.7441309
1600671964.216016 1.6277341 -0.0952539 7.1789117 0.0064765 0.6760719 -0.0007407 0.7368068
1600671964.413920 1.6833526 -0.0959782 7.1805758 0.0059196 0.6836999 0.0009308 0.7297387
1600671964.613161 1.7402881 -0.0969055 7.1811576 0.0061076 0.6896606 0.0026863 0.7241020
1600671964.814391 1.7973282 -0.0979249 7.1819611 0.0047534 0.6944832 0.0035367 0.7194846
1600671965.016315 1.8532647 -0.0995594 7.1820045 0.0043617 0.6979735 0.0040518 0.7160988
1600671965.218194 1.9095116 -0.0999647 7.1818447 0.0057460 0.7002051 0.0030566 0.7139120
1600671965.419437 1.9656597 -0.1006600 7.1824803 0.0056701 0.7018759 0.0019015 0.7122741
1600671965.619329 2.0226541 -0.1014672 7.1819086 0.0054296 0.7034084 0.0023912 0.7107612
1600671965.817899 2.0802779 -0.1024317 7.1823115 0.0039549 0.7050374 0.0028251 0.7091535
1600671966.015798 2.1365154 -0.1035058 7.1822491 0.0051339 0.7064565 0.0011296 0.7077368
1600671966.213703 2.1940935 -0.1039802 7.1812363 0.0053372 0.7076413 0.0013471 0.7065504
1600671966.413600 2.2524123 -0.1051147 7.1801505 0.0060261 0.7089096 0.0005038 0.7052734
1600671966.614171 2.3113770 -0.1058810 7.1794415 0.0058284 0.7100062 -0.0004554 0.7041711
1600671966.816070 2.3710082 -0.1069736 7.1781421 0.0053569 0.7107998 0.0003124 0.7033739
1600671967.017987 2.4307017 -0.1083545 7.1761451 0.0075125 0.7114136 0.0006646 0.7027331
1600671967.319176 2.5210085 -0.1102645 7.1733561 0.0088584 0.7121890 0.0010755 0.7019310
1600671967.518406 2.5811954 -0.1107709 7.1725068 0.0073925 0.7124419 0.0010448 0.7016914
1600671967.815581 2.6712432 -0.1129084 7.1701803 0.0079411 0.7126083 0.0019247 0.7015145
1600671968.013482 2.7315962 -0.1145641 7.1683764 0.0081473 0.7127463 0.0020692 0.7013716
1600671968.213394 2.7924125 -0.1150844 7.1667013 0.0072691 0.7130348 0.0023459 0.7010870
1600671968.414659 2.8549869 -0.1159510 7.1658978 0.0053572 0.7132643 0.0030734 0.7008680
1600671968.617202 2.9188349 -0.1173782 7.1639709 0.0049090 0.7131753 0.0048772 0.7009516
1600671968.919700 3.0139434 -0.1186781 7.1618223 0.0054007 0.7133858 0.0025257 0.7007462
1600671969.119602 3.0778403 -0.1192678 7.1605215 0.0056258 0.7131841 0.0018577 0.7009517
1600671969.318194 3.1413150 -0.1206083 7.1591163 0.0057677 0.7130204 0.0010456 0.7011188
1600671969.614693 3.2378616 -0.1217409 7.1566777 0.0042756 0.7130790 0.0033225 0.7010628
1600671969.913222 3.3354402 -0.1234212 7.1550055 0.0031998 0.7131040 0.0020033 0.7010481
1600671970.113785 3.4021926 -0.1243281 7.1530075 0.0025378 0.7125273 0.0035954 0.7016305
1600671970.315679 3.4691799 -0.1246427 7.1510768 0.0041189 0.7129448 0.0032442 0.7012005
1600671970.517582 3.5371974 -0.1260748 7.1498351 0.0031855 0.7125723 0.0039630 0.7015802
1600671970.819431 3.6395662 -0.1267279 7.1471839 0.0052662 0.7127118 0.0033547 0.7014292
1600671971.117953 3.7422745 -0.1280286 7.1441407 0.0051319 0.7122097 0.0056914 0.7019249
1600671971.415166 3.8431373 -0.1295039 7.1415277 0.0069103 0.7119880 0.0053997 0.7021368
1600671971.712999 3.9453199 -0.1302983 7.1388321 0.0084844 0.7117156 0.0052009 0.7023972
1600671972.014188 4.0503736 -0.1308520 7.1378555 0.0038699 0.7112640 0.0086774 0.7028608
1600671972.317388 4.1527700 -0.1318313 7.1334133 0.0084691 0.7108676 0.0143631 0.7031282
1600671972.619223 4.2536159 -0.1331364 7.1327019 0.0112384 0.7112111 0.0070747 0.7028530
1600671973.017027 4.3870239 -0.1326276 7.1308265 0.0147234 0.7095763 0.0025237 0.7044703
1600671973.314200 4.4870338 -0.1373469 7.1300111 0.0098257 0.7094678 0.0068887 0.7046357
1600671973.613389 4.5841036 -0.1384345 7.1301360 0.0096641 0.7090483 0.0032439 0.7050862
1600671973.915919 4.6831241 -0.1407910 7.1293635 0.0067120 0.7084882 0.0057592 0.7056673
1600671974.218432 4.7811842 -0.1416137 7.1287723 0.0065654 0.7078410 0.0071998 0.7063046
1600671974.518973 4.8769474 -0.1431538 7.1280518 0.0063712 0.7074224 0.0062484 0.7067347
1600671974.816818 4.9712949 -0.1437139 7.1282482 0.0070626 0.7065271 0.0040329 0.7076393
1600671975.213263 5.0960789 -0.1460611 7.1279063 0.0063024 0.7056295 0.0043472 0.7085396
1600671975.513782 5.1890612 -0.1477997 7.1280336 0.0068813 0.7049866 0.0048651 0.7091705
1600671975.816971 5.2827358 -0.1492115 7.1287308 0.0070203 0.7046877 0.0035875 0.7094738
1600671976.219468 5.4050970 -0.1517018 7.1282353 0.0081065 0.7038500 0.0036462 0.7102930
1600671976.517292 5.4945230 -0.1531543 7.1281066 0.0082693 0.7036097 0.0043532 0.7105252
1600671976.813834 5.5823574 -0.1543006 7.1288142 0.0083666 0.7032405 0.0028880 0.7108970
1600671977.112993 5.6700654 -0.1563044 7.1294436 0.0072974 0.7030533 0.0045514 0.7110851
1600671977.415538 5.7579098 -0.1575798 7.1298180 0.0071446 0.7032480 0.0047598 0.7108928
1600671977.718725 5.8448567 -0.1594377 7.1303244 0.0066251 0.7033821 0.0058230 0.7107573
1600671978.019881 5.9296565 -0.1601074 7.1305308 0.0067036 0.7031478 0.0051108 0.7109938
1600671978.317071 6.0129046 -0.1616844 7.1313839 0.0059979 0.7034230 0.0046583 0.7107309
1600671978.613601 6.0950508 -0.1625035 7.1314397 0.0056806 0.7034907 0.0049862 0.7106643
1600671978.912782 6.1770859 -0.1640405 7.1323771 0.0058159 0.7034928 0.0039686 0.7106676
1600671979.215295 6.2594357 -0.1651851 7.1328316 0.0048331 0.7036547 0.0038437 0.7105153
1600671979.518476 6.3429151 -0.1656744 7.1330309 0.0044958 0.7038106 0.0047240 0.7103578
1600671979.719047 6.3976145 -0.1664020 7.1333055 0.0036231 0.7037203 0.0049519 0.7104506
1600671979.918950 6.4510717 -0.1675302 7.1332283 0.0040772 0.7040449 0.0039780 0.7101327
1600671980.116852 6.5045156 -0.1679379 7.1335011 0.0036472 0.7037569 0.0040208 0.7104201
1600671980.314799 6.5565696 -0.1685458 7.1335592 0.0051668 0.7038243 0.0024075 0.7103513
1600671980.513338 6.6104178 -0.1689588 7.1329260 0.0044917 0.7040020 0.0041847 0.7101714
1600671980.712557 6.6653042 -0.1698985 7.1333666 0.0027768 0.7040549 0.0052678 0.7101206
1600671980.913790 6.7191057 -0.1707872 7.1337147 0.0041813 0.7040313 0.0031652 0.7101496
1600671981.115690 6.7731314 -0.1718889 7.1335173 0.0046367 0.7042980 0.0038029 0.7098791
1600671981.318256 6.8273253 -0.1723959 7.1333795 0.0057597 0.7039426 0.0032677 0.7102259
1600671981.518824 6.8805895 -0.1731323 7.1328206 0.0064694 0.7043046 0.0036274 0.7098591
1600671981.718724 6.9337273 -0.1742626 7.1339197 0.0047143 0.7039990 0.0026766 0.7101802
1600671981.916626 6.9857140 -0.1752013 7.1338205 0.0060484 0.7041805 0.0015675 0.7099935
1600671982.213854 7.0624790 -0.1763115 7.1329079 0.0082441 0.7040495 0.0021052 0.7100999
1600671982.413050 7.1136613 -0.1772109 7.1335592 0.0064897 0.7045963 0.0017724 0.7095765
1600671982.613628 7.1659379 -0.1782441 7.1344061 0.0044007 0.7044219 0.0015696 0.7097661
1600671982.815519 7.2189264 -0.1789126 7.1332889 0.0051187 0.7043844 0.0031454 0.7097933
1600671983.118703 7.2974930 -0.1793766 7.1331425 0.0055103 0.7046620 0.0030879 0.7095150
1600671983.419245 7.3757763 -0.1808825 7.1331549 0.0054400 0.7048783 0.0040391 0.7092959
1600671983.617126 7.4281216 -0.1813266 7.1327920 0.0052488 0.7051934 0.0047042 0.7089799
1600671983.914324 7.5065494 -0.1826196 7.1312613 0.0048731 0.7066871 0.0053500 0.7074893
1600671984.212833 7.5848360 -0.1834764 7.1308804 0.0055351 0.7093601 0.0028685 0.7048187
1600671984.514683 7.6651955 -0.1845122 7.1285501 0.0054210 0.7128080 0.0029440 0.7013322
1600671984.817896 7.7453947 -0.1852914 7.1250162 0.0061648 0.7165136 0.0023595 0.6975419
1600671985.018461 7.7984309 -0.1861122 7.1226254 0.0051492 0.7187144 0.0024272 0.6952820
1600671985.218336 7.8525023 -0.1868415 7.1200933 0.0035902 0.7209426 0.0030071 0.6929790
1600671985.416234 7.9039526 -0.1875435 7.1168952 0.0043055 0.7229449 0.0023626 0.6908883
1600671985.713443 7.9831285 -0.1888942 7.1107879 0.0052031 0.7264997 0.0040420 0.6871352
1600671986.011970 8.0621290 -0.1896564 7.1056185 0.0039745 0.7298756 0.0020086 0.6835655
1600671986.213851 8.1154108 -0.1906233 7.1006112 0.0046216 0.7320301 0.0033166 0.6812485
1600671986.415753 8.1690502 -0.1912544 7.0955553 0.0041027 0.7340716 0.0038156 0.6790490
1600671986.718958 8.2488823 -0.1919743 7.0875754 0.0030881 0.7378095 0.0041881 0.6749889
1600671986.919523 8.3010912 -0.1929990 7.0819950 0.0039199 0.7407418 0.0037146 0.6717681
1600671987.118091 8.3533754 -0.1936854 7.0751462 0.0042703 0.7443256 0.0037699 0.6677926
1600671987.315982 8.4049082 -0.1943195 7.0695705 0.0034424 0.7478871 0.0021773 0.6638134
1600671987.513903 8.4553165 -0.1943484 7.0622773 0.0047162 0.7521338 0.0007016 0.6589932
1600671987.712452 8.5081615 -0.1945619 7.0538054 0.0039676 0.7562501 0.0013532 0.6542692
1600671987.912340 8.5606556 -0.1955046 7.0439816 0.0031836 0.7613894 0.0023982 0.6482826
1600671988.114263 8.6143970 -0.1957284 7.0331106 0.0013750 0.7659304 0.0036354 0.6429118
1600671988.316825 8.6668444 -0.1967843 7.0213823 0.0019521 0.7712528 0.0033639 0.6365171
1600671988.518040 8.7195082 -0.1966097 7.0084910 0.0012350 0.7763512 0.0035449 0.6302894
1600671988.718623 8.7705317 -0.1971599 6.9973550 -0.0000953 0.7821726 0.0017366 0.6230594
1600671988.917844 8.8214560 -0.1971966 6.9838343 -0.0006585 0.7876273 0.0004495 0.6161515
1600671989.115774 8.8719635 -0.1980225 6.9690938 -0.0000890 0.7934777 0.0015832 0.6085973
1600671989.313665 8.9227104 -0.1986906 6.9524546 0.0008373 0.7991217 0.0015870 0.6011666
1600671989.512221 8.9722328 -0.1992245 6.9326644 0.0039555 0.8055959 0.0022771 0.5924478
1600671989.712785 9.0241756 -0.1993563 6.9137659 0.0022580 0.8116158 0.0022201 0.5841830
1600671989.914699 9.0742483 -0.2006083 6.8943009 0.0021730 0.8181924 0.0004061 0.5749403
1600671990.116587 9.1246147 -0.1999773 6.8714428 0.0016344 0.8246787 0.0013103 0.5655977
1600671990.318558 9.1729450 -0.2017238 6.8491755 0.0020901 0.8321244 0.0024275 0.5545799
1600671990.518463 9.2228584 -0.2012336 6.8239613 0.0018872 0.8404667 0.0015474 0.5418577
1600671990.717669 9.2704239 -0.2010967 6.7975054 0.0006242 0.8487560 0.0037187 0.5287712
1600671990.915539 9.3175383 -0.2013702 6.7686062 0.0005165 0.8576142 0.0049278 0.5142697
1600671991.113432 9.3626842 -0.2014549 6.7379737 -0.0000824 0.8667909 0.0057750 0.4986384
1600671991.311998 9.4083204 -0.2009819 6.7063708 -0.0016230 0.8764400 0.0055846 0.4814759
1600671991.512563 9.4520750 -0.2005549 6.6709251 -0.0010792 0.8862737 0.0054115 0.4631290
1600671991.714467 9.4952803 -0.1994221 6.6327934 -0.0002550 0.8962634 0.0073372 0.4434615
1600671991.917031 9.5354776 -0.1998672 6.5936689 0.0005801 0.9064029 0.0063161 0.4223666
1600671992.118273 9.5746670 -0.1994639 6.5528011 -0.0003665 0.9154907 0.0063555 0.4022887
1600671992.318846 9.6108599 -0.1993428 6.5101161 0.0002013 0.9244285 0.0063796 0.3813020
1600671992.517405 9.6450443 -0.1989828 6.4669323 0.0006836 0.9328336 0.0055912 0.3602634
1600671992.714649 9.6760883 -0.1990638 6.4225712 0.0016698 0.9408033 0.0054677 0.3389047
1600671992.912541 9.7052765 -0.1989106 6.3768854 0.0032165 0.9482555 0.0055092 0.3174443
1600671993.111787 9.7335224 -0.1985389 6.3287358 0.0039329 0.9553755 0.0058748 0.2953095
1600671993.313012 9.7592678 -0.1982280 6.2796550 0.0032611 0.9617683 0.0059418 0.2737808
1600671993.616220 9.7928324 -0.1978379 6.2039757 0.0046788 0.9704117 0.0071254 0.2413059
1600671993.818094 9.8127804 -0.1976671 6.1539321 0.0051684 0.9756021 0.0082854 0.2193290
1600671994.018677 9.8299685 -0.1970483 6.1042709 0.0043510 0.9800703 0.0078126 0.1984496
1600671994.217910 9.8446302 -0.1964252 6.0546312 0.0044891 0.9840320 0.0085744 0.1777280
1600671994.415816 9.8553886 -0.1959142 6.0047197 0.0071083 0.9875115 0.0090255 0.1571279
1600671994.613716 9.8648453 -0.1953187 5.9542341 0.0085145 0.9905227 0.0102920 0.1366980
1600671994.812269 9.8728180 -0.1949076 5.9048605 0.0094119 0.9930995 0.0096737 0.1164955
1600671994.912250 9.8760881 -0.1945526 5.8799772 0.0091928 0.9942467 0.0101612 0.1062346
1600671995.214076 9.8829651 -0.1935152 5.8061152 0.0099802 0.9969124 0.0097366 0.0772744
1600671995.415976 9.8848667 -0.1928532 5.7573977 0.0116057 0.9980429 0.0105620 0.0605310
1600671995.718515 9.8866949 -0.1918427 5.6849670 0.0143743 0.9989518 0.0124756 0.0416303
1600671996.017697 9.8870230 -0.1908572 5.6155319 0.0167213 0.9993501 0.0131782 0.0290883
1600671996.314866 9.8882446 -0.1901969 5.5483856 0.0167101 0.9995579 0.0139927 0.0202251
1600671996.512768 9.8884478 -0.1900467 5.5050297 0.0170844 0.9996719 0.0103637 0.0160239
1600671996.812618 9.8888693 -0.1900137 5.4410334 0.0177474 0.9997519 0.0060752 0.0120072
1600671997.013851 9.8891106 -0.1894722 5.3989005 0.0182053 0.9997717 0.0040904 0.0104102
1600671997.216419 9.8896399 -0.1891535 5.3567920 0.0173212 0.9998062 0.0030715 0.0088335
1600671997.418323 9.8901682 -0.1888575 5.3134398 0.0175490 0.9997910 0.0066918 0.0080734
1600671997.618236 9.8896627 -0.1889382 5.2721658 0.0176601 0.9998014 0.0055322 0.0073909
1600671997.817464 9.8905325 -0.1886277 5.2282281 0.0165270 0.9997459 0.0134121 0.0074264
1600671998.015360 9.8906622 -0.1878801 5.1858292 0.0164630 0.9997183 0.0155333 0.0071443
1600671998.213262 9.8912849 -0.1869798 5.1425967 0.0156197 0.9997154 0.0166509 0.0069175
1600671998.411831 9.8916149 -0.1861995 5.0987492 0.0153185 0.9997402 0.0152965 0.0071267
1600671998.612411 9.8914738 -0.1857339 5.0527492 0.0165297 0.9997054 0.0166224 0.0062967
1600671998.814300 9.8914871 -0.1844301 5.0067444 0.0167794 0.9997534 0.0130343 0.0064624
1600671999.016226 9.8919325 -0.1835623 4.9591246 0.0158862 0.9997941 0.0111588 0.0059157
1600671999.218114 9.8927336 -0.1829227 4.9095945 0.0153700 0.9998065 0.0107830 0.0058764
1600671999.418000 9.8926249 -0.1825124 4.8600655 0.0161717 0.9997954 0.0106299 0.0058801
1600671999.616585 9.8927336 -0.1818981 4.8086276 0.0157334 0.9998050 0.0106321 0.0054165
1600671999.814475 9.8933315 -0.1814157 4.7568746 0.0153135 0.9998211 0.0097539 0.0052978
1600672000.012380 9.8932819 -0.1812171 4.7049236 0.0156629 0.9998264 0.0087444 0.0050248
1600672000.211640 9.8934984 -0.1806010 4.6516080 0.0157306 0.9998351 0.0076924 0.0048085
1600672000.412179 9.8936625 -0.1802148 4.5962176 0.0157296 0.9998326 0.0082975 0.0043119
1600672000.614112 9.8941603 -0.1798903 4.5398149 0.0150292 0.9998430 0.0082466 0.0044889
1600672000.816660 9.8942051 -0.1796945 4.4828725 0.0147041 0.9998533 0.0077102 0.0042034
1600672001.017909 9.8940983 -0.1787082 4.4245281 0.0145814 0.9998371 0.0098073 0.0041163
1600672001.217801 9.8941069 -0.1782702 4.3667006 0.0146896 0.9998418 0.0090872 0.0042460
1600672001.417021 9.8945017 -0.1778980 4.3080606 0.0144205 0.9998447 0.0090834 0.0044809
1600672001.614934 9.8949108 -0.1778888 4.2508125 0.0143003 0.9998495 0.0086452 0.0046681
1600672001.812830 9.8956976 -0.1773822 4.1936975 0.0139810 0.9998662 0.0070055 0.0047884
1600672002.012057 9.8956041 -0.1770810 4.1349511 0.0140591 0.9998556 0.0079302 0.0053217
1600672002.212640 9.8960304 -0.1769087 4.0753722 0.0139421 0.9998500 0.0085491 0.0056934
1600672002.414564 9.8962984 -0.1765662 4.0158453 0.0145522 0.9998312 0.0095950 0.0058128
1600672002.617114 9.8969469 -0.1761344 3.9555290 0.0145934 0.9998357 0.0089069 0.0060277
1600672002.818348 9.8977880 -0.1756018 3.8956432 0.0135039 0.9998518 0.0087989 0.0060519
1600672003.018243 9.8978148 -0.1752181 3.8357680 0.0143407 0.9998323 0.0095304 0.0062335
1600672003.414735 9.8984423 -0.1738427 3.7148943 0.0142891 0.9998242 0.0102590 0.0064875
1600672003.711896 9.8984232 -0.1735587 3.6244595 0.0147756 0.9998174 0.0101613 0.0065973
1600672003.911790 9.8993893 -0.1729189 3.5641909 0.0145547 0.9998356 0.0085903 0.0065634
1600672004.113701 9.8991079 -0.1726215 3.5022535 0.0155016 0.9998302 0.0075399 0.0065087
1600672004.315612 9.8993483 -0.1724844 3.4402838 0.0156156 0.9998269 0.0078067 0.0064335
1600672004.618106 9.9004774 -0.1723796 3.3474290 0.0146182 0.9998460 0.0070708 0.0066544
1600672004.917304 9.9006672 -0.1714988 3.2551441 0.0153326 0.9998326 0.0074157 0.0066794
1600672005.214481 9.9018459 -0.1710646 3.1630828 0.0150445 0.9998338 0.0078760 0.0066409
1600672005.511663 9.9025192 -0.1705307 3.0709827 0.0146715 0.9998364 0.0082172 0.0066590
1600672005.812183 9.9036722 -0.1704368 2.9771700 0.0146568 0.9998341 0.0083817 0.0068386
1600672006.216653 9.9045191 -0.1697464 2.8517780 0.0148813 0.9998337 0.0082536 0.0065581
1600672006.417914 9.9055452 -0.1693218 2.7892942 0.0138321 0.9998555 0.0074381 0.0065169
1600672006.717082 9.9057961 -0.1689317 2.6960542 0.0139714 0.9998440 0.0083846 0.0068219
1600672007.013597 9.9065742 -0.1681106 2.6027329 0.0138740 0.9998292 0.0101106 0.0068428
1600672007.311460 9.9076900 -0.1671649 2.5090351 0.0133865 0.9998412 0.0097294 0.0066171
1600672007.612640 9.9082308 -0.1660621 2.4139035 0.0141663 0.9998310 0.0097482 0.0065056
1600672007.814553 9.9090080 -0.1655855 2.3505526 0.0135800 0.9998500 0.0085853 0.0064668
1600672008.117731 9.9092941 -0.1651028 2.2542741 0.0140431 0.9998396 0.0091229 0.0063541
1600672008.417573 9.9107018 -0.1639577 2.1584809 0.0131573 0.9998497 0.0092797 0.0064315
1600672008.714761 9.9103584 -0.1635454 2.0633540 0.0144611 0.9998122 0.0111652 0.0064520
1600672008.912682 9.9113770 -0.1629475 1.9997891 0.0137555 0.9998266 0.0108213 0.0063683
1600672009.111925 9.9114084 -0.1623635 1.9358395 0.0133447 0.9998300 0.0109866 0.0064201
1600672009.311799 9.9112339 -0.1613836 1.8709370 0.0143142 0.9998155 0.0110366 0.0065049
1600672009.513698 9.9125128 -0.1606191 1.8051896 0.0139077 0.9998270 0.0106401 0.0062664
1600672009.716265 9.9129591 -0.1602431 1.7397431 0.0127619 0.9998505 0.0097339 0.0064334
1600672009.917503 9.9133205 -0.1594653 1.6742662 0.0128636 0.9998444 0.0102622 0.0063543
1600672010.118093 9.9139624 -0.1586277 1.6082932 0.0128806 0.9998454 0.0101294 0.0063687
1600672010.316633 9.9145174 -0.1581206 1.5433553 0.0124719 0.9998499 0.0103357 0.0061523
1600672010.514554 9.9144793 -0.1574119 1.4780962 0.0128867 0.9998376 0.0109620 0.0062009
1600672010.712620 9.9162693 -0.1569764 1.4141701 0.0120351 0.9998489 0.0110001 0.0060291
1600672011.010961 9.9164572 -0.1555823 1.3148199 0.0123899 0.9998378 0.0116427 0.0059376
1600672011.414759 9.9177456 -0.1540233 1.1810051 0.0112845 0.9998314 0.0130489 0.0062894
1600672011.616665 9.9177485 -0.1536744 1.1143969 0.0119584 0.9998285 0.0127278 0.0061585
1600672011.817911 9.9175854 -0.1526441 1.0468541 0.0126533 0.9998344 0.0115195 0.0061992
1600672012.017127 9.9187212 -0.1515200 0.9795380 0.0119760 0.9998590 0.0099726 0.0062529
1600672012.215696 9.9187450 -0.1510551 0.9125879 0.0125217 0.9998497 0.0101649 0.0063613
1600672012.413604 9.9188042 -0.1502123 0.8441082 0.0143796 0.9998112 0.0113950 0.0064056
1600672012.711453 9.9194164 -0.1493516 0.7428447 0.0141465 0.9998151 0.0111691 0.0066967
1600672012.912027 9.9198799 -0.1487312 0.6746072 0.0146042 0.9998097 0.0109484 0.0068918
1600672013.113927 9.9208927 -0.1478903 0.6047077 0.0149023 0.9998090 0.0106318 0.0068498
1600672013.315826 9.9215536 -0.1469421 0.5343727 0.0149199 0.9997981 0.0114318 0.0070989
1600672013.517056 9.9220505 -0.1464026 0.4643034 0.0149905 0.9997839 0.0125389 0.0070913
1600672013.717625 9.9227467 -0.1452796 0.3948889 0.0150462 0.9997782 0.0127659 0.0073619
1600672013.916204 9.9234171 -0.1445049 0.3251300 0.0154212 0.9997787 0.0122016 0.0074788
1600672014.114097 9.9237556 -0.1435969 0.2564226 0.0150736 0.9997813 0.0124415 0.0074451
1600672014.312674 9.9257298 -0.1423981 0.1868879 0.0141261 0.9998012 0.0116635 0.0078707
1600672014.511900 9.9262991 -0.1414404 0.1167679 0.0141432 0.9998011 0.0116170 0.0079212
1600672014.711807 9.9277039 -0.1408302 0.0468656 0.0128591 0.9998241 0.0110483 0.0080228
1600672014.913712 9.9288769 -0.1399798 -0.0240073 0.0120739 0.9998342 0.0107352 0.0084056
1600672015.115603 9.9300308 -0.1393951 -0.0949659 0.0116477 0.9998426 0.0104299 0.0083783
1600672015.316863 9.9309025 -0.1388219 -0.1651722 0.0117469 0.9998326 0.0109845 0.0087232
1600672015.516756 9.9320183 -0.1380766 -0.2353829 0.0109868 0.9998513 0.0099675 0.0087948
1600672015.715308 9.9329500 -0.1378507 -0.3052737 0.0108936 0.9998522 0.0100466 0.0087209
1600672016.012502 9.9346037 -0.1367583 -0.4091737 0.0106329 0.9998567 0.0097521 0.0088579
1600672016.211057 9.9361582 -0.1364845 -0.4795121 0.0092201 0.9998698 0.0099374 0.0087560
1600672016.411630 9.9372692 -0.1357536 -0.5504707 0.0089951 0.9998659 0.0105535 0.0087083
1600672016.612869 9.9380531 -0.1348617 -0.6217538 0.0086105 0.9998605 0.0111147 0.0090224
1600672016.815433 9.9390354 -0.1344004 -0.6935507 0.0082274 0.9998628 0.0114352 0.0087088
1600672017.016663 9.9399052 -0.1337356 -0.7637532 0.0086797 0.9998677 0.0106698 0.0086787
1600672017.217321 9.9407120 -0.1330916 -0.8339947 0.0089120 0.9998698 0.0103484 0.0085953
1600672017.515113 9.9418411 -0.1323847 -0.9399303 0.0095695 0.9998587 0.0110344 0.0083212
1600672017.812279 9.9441452 -0.1313857 -1.0448699 0.0087602 0.9998606 0.0114326 0.0084454
1600672018.111467 9.9457207 -0.1301183 -1.1509240 0.0098557 0.9998481 0.0118109 0.0081951
1600672018.312698 9.9471226 -0.1294637 -1.2226344 0.0093846 0.9998582 0.0112917 0.0082483
1600672018.616542 9.9480104 -0.1283385 -1.3309931 0.0102066 0.9998505 0.0112597 0.0082452
1600672018.817782 9.9491072 -0.1277139 -1.4020059 0.0102333 0.9998565 0.0107947 0.0081070
1600672019.017722 9.9503746 -0.1267448 -1.4724388 0.0089864 0.9998763 0.0099755 0.0081896
1600672019.216447 9.9510651 -0.1260222 -1.5435150 0.0098065 0.9998627 0.0105858 0.0081501
1600672019.414166 9.9521637 -0.1251417 -1.6134093 0.0096886 0.9998578 0.0111288 0.0081672
1600672019.612056 9.9532022 -0.1249674 -1.6818631 0.0091469 0.9998710 0.0103965 0.0081399
1600672019.811409 9.9540501 -0.1242025 -1.7516757 0.0094546 0.9998612 0.0109482 0.0082614
1600672020.011859 9.9551182 -0.1235628 -1.8208877 0.0094555 0.9998739 0.0097624 0.0082082
1600672020.213755 9.9558096 -0.1233571 -1.8912990 0.0098783 0.9998756 0.0091247 0.0082443
1600672020.415656 9.9569569 -0.1225196 -1.9611158 0.0096643 0.9998752 0.0095700 0.0080327
1600672020.617579 9.9581871 -0.1218024 -2.0313816 0.0094051 0.9998769 0.0094523 0.0082780
1600672020.817463 9.9584875 -0.1214485 -2.0997069 0.0101104 0.9998637 0.0100887 0.0082774
1600672021.016053 9.9594574 -0.1208734 -2.1678863 0.0097424 0.9998653 0.0103952 0.0081513
1600672021.213959 9.9605188 -0.1197936 -2.2350683 0.0087411 0.9998634 0.0110090 0.0086891
1600672021.411827 9.9615860 -0.1193022 -2.3023608 0.0086938 0.9998644 0.0110968 0.0085152
1600672021.610428 9.9626789 -0.1191440 -2.3705053 0.0084914 0.9998673 0.0108689 0.0086648
1600672021.810994 9.9636660 -0.1181841 -2.4382663 0.0082891 0.9998763 0.0102164 0.0086162
1600672022.012886 9.9641342 -0.1174217 -2.5063231 0.0084944 0.9998723 0.0104167 0.0086482
1600672022.215431 9.9659376 -0.1163428 -2.5755138 0.0082005 0.9998565 0.0121662 0.0084686
1600672022.416682 9.9670334 -0.1155003 -2.6436667 0.0086055 0.9998506 0.0123605 0.0084867
1600672022.716527 9.9682379 -0.1145679 -2.7438295 0.0086007 0.9998554 0.0120123 0.0084190
1600672022.914419 9.9694662 -0.1133241 -2.8107901 0.0085285 0.9998512 0.0124282 0.0083902
1600672023.113003 9.9707260 -0.1126545 -2.8776169 0.0084582 0.9998489 0.0125687 0.0085266
1600672023.311557 9.9711924 -0.1114066 -2.9449594 0.0087826 0.9998389 0.0131331 0.0085158
1600672023.511479 9.9723110 -0.1103776 -3.0133245 0.0092021 0.9998173 0.0144988 0.0083964
1600672023.712734 9.9729471 -0.1091562 -3.0815334 0.0089675 0.9998052 0.0153221 0.0086252
1600672023.914608 9.9740677 -0.1078311 -3.1504111 0.0095416 0.9997889 0.0162098 0.0082592
1600672024.116538 9.9754925 -0.1065542 -3.2201295 0.0099699 0.9997905 0.0160537 0.0078619
1600672024.317102 9.9767857 -0.1052798 -3.2881343 0.0093820 0.9998040 0.0155365 0.0079116
1600672024.516304 9.9776754 -0.1039527 -3.3568749 0.0092011 0.9998054 0.0156163 0.0077883
1600672024.714212 9.9787102 -0.1029267 -3.4248772 0.0092865 0.9998252 0.0144595 0.0073597
1600672024.912102 9.9795876 -0.1018173 -3.4929600 0.0091898 0.9998451 0.0132140 0.0071263
1600672025.110688 9.9800243 -0.1010608 -3.5628293 0.0095284 0.9998467 0.0132131 0.0064197
1600672025.210622 9.9803057 -0.1004462 -3.5975003 0.0096304 0.9998515 0.0127952 0.0063692
1600672025.311237 9.9807644 -0.0996473 -3.6327419 0.0094902 0.9998577 0.0124805 0.0062232
1600672025.512475 9.9814053 -0.0988382 -3.7023649 0.0092364 0.9998716 0.0115956 0.0060901
1600672025.715066 9.9816427 -0.0980446 -3.7719901 0.0092556 0.9998819 0.0108885 0.0056585
1600672025.816321 9.9817867 -0.0978148 -3.8063195 0.0094218 0.9998794 0.0109489 0.0056965
1600672025.916966 9.9823370 -0.0976124 -3.8411729 0.0089527 0.9998905 0.0104586 0.0054236
1600672026.117553 9.9828224 -0.0965170 -3.9099760 0.0084927 0.9998955 0.0104172 0.0053387
1600672026.316084 9.9829235 -0.0959196 -3.9781966 0.0088534 0.9998785 0.0118174 0.0050081
1600672026.513980 9.9836950 -0.0951241 -4.0465512 0.0085521 0.9998699 0.0127918 0.0048226
1600672026.711894 9.9846535 -0.0944026 -4.1138926 0.0078539 0.9998780 0.0126932 0.0045862
1600672026.910475 9.9855804 -0.0933440 -4.1818457 0.0078608 0.9998769 0.0129781 0.0039876
1600672027.111031 9.9857578 -0.0920217 -4.2505932 0.0080365 0.9998688 0.0135747 0.0036682
1600672027.312945 9.9868202 -0.0907432 -4.3192048 0.0076248 0.9998698 0.0138166 0.0033676
1600672027.515486 9.9877396 -0.0895981 -4.3890986 0.0073196 0.9998615 0.0146572 0.0029153
1600672027.717394 9.9880447 -0.0886200 -4.4577479 0.0078887 0.9998545 0.0149293 0.0024308
1600672027.917982 9.9887915 -0.0872419 -4.5258613 0.0070505 0.9998802 0.0135874 0.0022894
1600672028.116557 9.9891968 -0.0857011 -4.5948076 0.0070296 0.9998783 0.0138146 0.0017845
1600672028.314436 9.9896212 -0.0849963 -4.6628485 0.0070345 0.9998708 0.0143909 0.0013518
1600672028.413041 9.9894075 -0.0848879 -4.6964302 0.0068820 0.9998699 0.0145040 0.0015622
1600672028.512328 9.9897995 -0.0840678 -4.7307081 0.0061976 0.9998818 0.0139997 0.0014255
1600672028.611615 9.9902229 -0.0834197 -4.7659211 0.0062514 0.9998867 0.0136519 0.0010745
1600672028.810847 9.9906588 -0.0823842 -4.8351521 0.0066139 0.9998946 0.0129138 0.0004563
1600672029.011443 9.9913511 -0.0812369 -4.9035468 0.0063247 0.9999096 0.0118647 0.0001141
1600672029.213367 9.9921503 -0.0798160 -4.9730206 0.0057300 0.9999202 0.0112555 -0.0003642
1600672029.415887 9.9929495 -0.0798143 -5.0433164 0.0048968 0.9999146 0.0120882 -0.0008618
1600672029.617122 9.9935150 -0.0785846 -5.1131473 0.0048154 0.9999165 0.0119277 -0.0012342
1600672029.816358 9.9928312 -0.0779167 -5.1817379 0.0051170 0.9999139 0.0119502 -0.0017657
1600672030.014921 9.9935150 -0.0765396 -5.2502441 0.0045228 0.9999127 0.0122060 -0.0022726
1600672030.311465 9.9920788 -0.0750424 -5.3517303 0.0047809 0.9999182 0.0114259 -0.0031937
1600672030.510700 9.9908428 -0.0740811 -5.4193978 0.0043718 0.9999006 0.0120137 -0.0059433
1600672030.710610 9.9901342 -0.0728992 -5.4877801 0.0034321 0.9998567 0.0123069 -0.0111033
1600672030.912507 9.9875212 -0.0721324 -5.5561676 0.0031512 0.9997516 0.0124532 -0.0182166
1600672031.115044 9.9827490 -0.0706992 -5.6241045 0.0032249 0.9995407 0.0127290 -0.0273125
1600672031.316278 9.9769526 -0.0700974 -5.6913266 0.0032330 0.9992058 0.0135738 -0.0373249
1600672031.616128 9.9664068 -0.0684329 -5.7913103 0.0035551 0.9985309 0.0133092 -0.0524055
1600672031.913319 9.9521570 -0.0671415 -5.8887196 0.0028404 0.9973676 0.0138422 -0.0711208
1600672032.111233 9.9406557 -0.0658257 -5.9526987 0.0009286 0.9962101 0.0122449 -0.0861086
1600672032.410437 9.9180126 -0.0646812 -6.0470610 0.0001646 0.9936070 0.0135061 -0.1120836
1600672032.612304 9.8988104 -0.0635389 -6.1083136 -0.0000673 0.9912741 0.0133127 -0.1311428
1600672032.814208 9.8757563 -0.0628716 -6.1695032 -0.0003145 0.9882451 0.0139212 -0.1522420
1600672033.016135 9.8514471 -0.0620592 -6.2283545 -0.0009497 0.9845862 0.0137733 -0.1743543
1600672033.216690 9.8240480 -0.0609016 -6.2843895 -0.0006078 0.9803398 0.0134829 -0.1968544
1600672033.415925 9.7931232 -0.0592526 -6.3392801 -0.0002624 0.9755090 0.0142105 -0.2194996
1600672033.613831 9.7618799 -0.0585556 -6.3900967 -0.0008681 0.9699299 0.0138990 -0.2429856
1600672033.811743 9.7272539 -0.0570960 -6.4388819 -0.0014779 0.9631864 0.0143142 -0.2684489
1600672034.010951 9.6897869 -0.0560542 -6.4839792 -0.0014827 0.9549366 0.0144249 -0.2964552
1600672034.210899 9.6491070 -0.0549199 -6.5259752 -0.0009441 0.9446436 0.0154878 -0.3277311
1600672034.412755 9.6053581 -0.0538192 -6.5653696 -0.0015878 0.9322582 0.0178356 -0.3613501
1600672034.614651 9.5596981 -0.0524988 -6.6002927 -0.0024582 0.9177120 0.0198038 -0.3967447
1600672034.816567 9.5110731 -0.0510323 -6.6298494 -0.0018904 0.9011680 0.0204246 -0.4329844
1600672034.916503 9.4863491 -0.0504772 -6.6431179 -0.0017646 0.8922739 0.0207013 -0.4510163
1600672035.016470 9.4622841 -0.0501935 -6.6544466 -0.0018025 0.8831092 0.0209432 -0.4686965
1600672035.215029 9.4124775 -0.0488280 -6.6744370 0.0022901 -0.8638335 -0.0207829 0.5033433
1600672035.412940 9.3605289 -0.0472941 -6.6907949 0.0022505 -0.8423697 -0.0215341 0.5384650
1600672035.610839 9.3082170 -0.0460488 -6.7017732 0.0017777 -0.8197837 -0.0224741 0.5722293
1600672035.810071 9.2561226 -0.0447417 -6.7089767 0.0015091 -0.7962276 -0.0230149 0.6045573
1600672036.009979 9.2036848 -0.0435334 -6.7119946 0.0008762 -0.7721781 -0.0230263 0.6349882
1600672036.211869 9.1522675 -0.0424847 -6.7118154 0.0008494 -0.7487962 -0.0218249 0.6624403
1600672036.414433 9.1010056 -0.0411777 -6.7086716 0.0009968 -0.7270828 -0.0206063 0.6862397
1600672036.716285 9.0260448 -0.0399370 -6.7007194 0.0006869 -0.6986712 -0.0206673 0.7151440
1600672036.916198 8.9760599 -0.0388894 -6.6931100 -0.0001790 -0.6842990 -0.0198501 0.7289312
1600672037.114753 8.9271879 -0.0386392 -6.6858025 -0.0012479 -0.6737268 -0.0189759 0.7387359
1600672037.312670 8.8779650 -0.0377257 -6.6788607 -0.0018866 -0.6688392 -0.0179973 0.7431869
1600672037.510578 8.8282413 -0.0369450 -6.6731968 -0.0021308 -0.6683173 -0.0177703 0.7436610
1600672037.811076 8.7505369 -0.0358687 -6.6654201 -0.0028943 -0.6729437 -0.0158668 0.7395179
1600672038.012985 8.6967506 -0.0347757 -6.6624117 -0.0021608 -0.6772681 -0.0166506 0.7355447
1600672038.215546 8.6417952 -0.0341958 -6.6585264 -0.0012808 -0.6800364 -0.0167763 0.7329853
1600672038.416781 8.5858831 -0.0330929 -6.6542492 -0.0013205 -0.6811641 -0.0160175 0.7319544
1600672038.616712 8.5289335 -0.0321581 -6.6504016 -0.0014437 -0.6820385 -0.0162392 0.7311345
1600672038.815248 8.4715729 -0.0314151 -6.6469712 -0.0015940 -0.6843400 -0.0170980 0.7289608
1600672039.111796 8.3859215 -0.0299169 -6.6420474 -0.0026026 -0.6883492 -0.0159696 0.7251990
1600672039.310338 8.3281612 -0.0289723 -6.6400776 -0.0017183 -0.6907272 -0.0157657 0.7229415
1600672039.510258 8.2696657 -0.0281179 -6.6380792 -0.0015004 -0.6932684 -0.0172476 0.7204716
1600672039.712138 8.2094345 -0.0270314 -6.6365137 -0.0010557 -0.6956173 -0.0172632 0.7182043
1600672039.914709 8.1486206 -0.0262184 -6.6343021 -0.0008987 -0.6955673 -0.0170528 0.7182580
1600672040.116628 8.0878315 -0.0254653 -6.6316371 -0.0013278 -0.6947186 -0.0173569 0.7190710
1600672040.317177 8.0271730 -0.0244919 -6.6290050 -0.0014892 -0.6948269 -0.0164215 0.7189879
1600672040.515751 7.9670229 -0.0235277 -6.6267848 -0.0013067 -0.6958301 -0.0162395 0.7180216
1600672040.712985 7.9072776 -0.0228041 -6.6249661 -0.0016801 -0.6966056 -0.0172376 0.7172452
1600672040.910887 7.8475008 -0.0220776 -6.6231465 -0.0017269 -0.6974890 -0.0175794 0.7163777
1600672041.110117 7.7880554 -0.0212469 -6.6209970 -0.0021842 -0.6984380 -0.0171957 0.7154605
1600672041.310703 7.7288375 -0.0201320 -6.6198850 -0.0012767 -0.6990097 -0.0170057 0.7149088
1600672041.512586 7.6695099 -0.0194392 -6.6187010 -0.0014162 -0.6991911 -0.0177028 0.7147142
1600672041.714489 7.6109204 -0.0186213 -6.6173582 -0.0013342 -0.6995749 -0.0177589 0.7143373
1600672041.916404 7.5520449 -0.0180286 -6.6158981 -0.0009431 -0.6993687 -0.0174955 0.7145463
1600672042.116291 7.4942265 -0.0169858 -6.6140127 -0.0014378 -0.6989667 -0.0178984 0.7149287
1600672042.314862 7.4393039 -0.0164470 -6.6122279 -0.0011482 -0.6988942 -0.0179779 0.7149982
1600672042.512116 7.3842402 -0.0155272 -6.6105585 -0.0020882 -0.6986541 -0.0176129 0.7152397
1600672042.710031 7.3311529 -0.0150459 -6.6088572 -0.0016132 -0.6983276 -0.0176108 0.7155598
1600672042.909915 7.2793436 -0.0139259 -6.6070728 -0.0022378 -0.6977106 -0.0182972 0.7161425
1600672043.110468 7.2300406 -0.0132865 -6.6052375 -0.0026723 -0.6975733 -0.0174540 0.7162958
1600672043.514968 7.1325607 -0.0122403 -6.6016378 -0.0021707 -0.6968515 -0.0168114 0.7170151
1600672043.716167 7.0852737 -0.0114426 -6.5997882 -0.0035790 -0.6965711 -0.0165967 0.7172869
1600672043.916068 7.0397315 -0.0107874 -6.5977592 -0.0027581 -0.6965166 -0.0158835 0.7173595
1600672044.114670 6.9947920 -0.0102181 -6.5963321 -0.0026458 -0.6962866 -0.0162236 0.7175756
1600672044.312567 6.9505835 -0.0095314 -6.5949306 -0.0022480 -0.6962745 -0.0161007 0.7175915
1600672044.510470 6.9050236 -0.0089808 -6.5934343 -0.0006703 -0.6961892 -0.0144368 0.7177128
1600672044.810293 6.8306265 -0.0082018 -6.5907574 -0.0009130 -0.6962180 -0.0139770 0.7176938
1600672045.112811 6.7528100 -0.0073631 -6.5878282 -0.0005167 -0.6964684 -0.0142718 0.7174454
1600672045.314716 6.7009850 -0.0067699 -6.5867844 -0.0004152 -0.6964718 -0.0146474 0.7174345
1600672045.615911 6.6229038 -0.0063680 -6.5845017 0.0000638 -0.6969771 -0.0141652 0.7169535
1600672045.815147 6.5701089 -0.0047578 -6.5806160 -0.0039050 -0.6972449 -0.0139397 0.7166868
1600672046.013059 6.5203509 -0.0045847 -6.5777726 -0.0081536 -0.6966435 -0.0125293 0.7172618
1600672046.210952 6.4710412 -0.0043602 -6.5766239 -0.0072434 -0.6968433 -0.0130527 0.7170681
1600672046.409511 6.4247770 -0.0044628 -6.5786877 0.0000013 -0.6985115 -0.0170312 0.7153960
1600672046.610089 6.3783650 -0.0038861 -6.5783129 0.0024172 -0.6997337 -0.0169476 0.7141986
1600672046.811976 6.3331008 -0.0031693 -6.5750222 0.0022229 -0.7016665 -0.0106299 0.7124227
1600672047.014570 6.2868991 -0.0029069 -6.5738087 -0.0005402 -0.7041501 -0.0097435 0.7099841
1600672047.216441 6.2413192 -0.0028802 -6.5753040 -0.0017238 -0.7053580 -0.0141308 0.7087083
1600672047.515625 6.1775007 -0.0019276 -6.5783195 0.0003657 -0.7130213 -0.0162906 0.7009530
1600672047.812818 6.1142559 -0.0012963 -6.5808811 -0.0004145 -0.7204046 -0.0150874 0.6933898
1600672048.010717 6.0722423 -0.0009326 -6.5836830 -0.0009145 -0.7256327 -0.0154762 0.6879076
1600672048.309905 6.0088258 -0.0004250 -6.5898867 -0.0003310 -0.7326938 -0.0151877 0.6803889
1600672048.511140 5.9649415 0.0001898 -6.5942898 -0.0005838 -0.7371299 -0.0148758 0.6755871
1600672048.814988 5.8963623 0.0009165 -6.6024971 -0.0012683 -0.7442189 -0.0152352 0.6677608
1600672049.116202 5.8252759 0.0024100 -6.6124144 -0.0014331 -0.7496366 -0.0162064 0.6616496
1600672049.414696 5.7532368 0.0030723 -6.6224632 -0.0013814 -0.7521098 -0.0166812 0.6588253
1600672049.711217 5.6799664 0.0041232 -6.6319385 -0.0007828 -0.7523141 -0.0170849 0.6585826
1600672050.009747 5.6008954 0.0055157 -6.6384354 -0.0096150 -0.7514665 -0.0147025 0.6595374
1600672050.311584 5.5217824 0.0061047 -6.6493993 -0.0035371 -0.7503197 -0.0165092 0.6608595
1600672050.614783 5.4413462 0.0073615 -6.6589894 0.0003959 -0.7487001 -0.0169984 0.6626907
1600672051.016582 5.3316813 0.0086050 -6.6667914 -0.0034687 -0.7442511 -0.0110299 0.6677998
1600672051.214474 5.2768784 0.0081098 -6.6744266 -0.0028851 -0.7422983 -0.0185918 0.6698054
1600672051.412388 5.2234349 0.0097519 -6.6783409 -0.0014029 -0.7403602 -0.0160785 0.6720166
1600672051.610282 5.1680379 0.0108076 -6.6816759 -0.0021609 -0.7385908 -0.0140762 0.6740035
1600672051.909463 5.0810747 0.0121783 -6.6888218 -0.0008355 -0.7359682 -0.0168163 0.6768067
1600672052.212007 4.9903398 0.0141925 -6.6945596 -0.0014669 -0.7337989 -0.0152703 0.6791935
1600672052.414557 4.9283271 0.0146677 -6.6976876 -0.0019312 -0.7318580 -0.0139069 0.6813126
1600672052.716398 4.8326283 0.0162479 -6.7024207 -0.0012988 -0.7294185 -0.0140864 0.6839215
1600672053.014933 4.7342801 0.0175300 -6.7061372 -0.0030179 -0.7268445 -0.0131729 0.6866691
1600672053.311470 4.6346345 0.0183275 -6.7100587 -0.0026712 -0.7242321 -0.0138289 0.6894124
1600672053.609958 4.5314932 0.0197810 -6.7128544 -0.0019172 -0.7212941 -0.0118809 0.6925243
1600672053.911163 4.4242392 0.0212555 -6.7150731 -0.0021637 -0.7181324 -0.0127972 0.6957855
1600672054.214342 4.3160076 0.0221728 -6.7157493 -0.0024287 -0.7148722 -0.0135605 0.6991194
1600672054.415559 4.2443824 0.0228519 -6.7161841 -0.0030457 -0.7127458 -0.0140750 0.7012745
1600672054.615484 4.1728463 0.0240055 -6.7157025 -0.0029254 -0.7107450 -0.0135611 0.7033129
1600672054.814697 4.1012163 0.0249666 -6.7153325 -0.0031838 -0.7082739 -0.0136951 0.7057976
1600672055.012615 4.0300608 0.0261959 -6.7141538 -0.0033422 -0.7063156 -0.0138796 0.7077531
1600672055.210551 3.9582703 0.0271833 -6.7128010 -0.0039468 -0.7047189 -0.0132622 0.7093516
1600672055.409072 3.8868558 0.0280571 -6.7117305 -0.0052070 -0.7042598 -0.0136213 0.7097926
1600672055.609638 3.8131831 0.0291912 -6.7104645 -0.0057927 -0.7049503 -0.0148611 0.7090773
1600672055.913527 3.7022731 0.0310482 -6.7083416 -0.0064278 -0.7054190 -0.0142868 0.7086173
1600672056.115391 3.6281610 0.0328589 -6.7074618 -0.0073563 -0.7056938 -0.0150083 0.7083198
1600672056.315982 3.5557752 0.0340235 -6.7067394 -0.0077817 -0.7062379 -0.0151839 0.7077690
1600672056.515190 3.4849083 0.0352809 -6.7059288 -0.0074011 -0.7062594 -0.0154352 0.7077462
1600672056.713096 3.4144053 0.0363490 -6.7054262 -0.0078172 -0.7066264 -0.0156116 0.7073714
1600672056.911000 3.3442616 0.0380679 -6.7046146 -0.0071364 -0.7070900 -0.0151866 0.7069244
1600672057.109591 3.2746706 0.0391580 -6.7038603 -0.0067620 -0.7069830 -0.0149934 0.7070392
1600672057.309466 3.2065189 0.0401510 -6.7034512 -0.0066567 -0.7073904 -0.0146407 0.7066401
1600672057.511368 3.1361861 0.0419363 -6.7029300 -0.0081095 -0.7075717 -0.0143980 0.7064483
1600672057.713933 3.0675845 0.0426716 -6.7021179 -0.0075738 -0.7073302 -0.0142063 0.7067000
1600672057.915186 2.9988732 0.0437224 -6.7029200 -0.0074563 -0.7079149 -0.0158135 0.7060813
1600672058.115761 2.9316840 0.0450930 -6.7027287 -0.0066813 -0.7081683 -0.0144812 0.7058635
1600672058.512237 2.7998731 0.0476991 -6.7020788 -0.0073445 -0.7085019 -0.0150629 0.7055099
1600672058.710137 2.7346985 0.0489088 -6.7015014 -0.0073395 -0.7087121 -0.0150466 0.7052992
1600672058.908681 2.6701870 0.0502431 -6.7012205 -0.0078622 -0.7086366 -0.0150752 0.7053687
1600672059.210001 2.5716026 0.0514910 -6.7016320 -0.0066472 -0.7091591 -0.0145350 0.7048674
1600672059.412432 2.5065854 0.0524055 -6.7025905 -0.0057175 -0.7092879 -0.0151801 0.7047322
1600672059.615017 2.4410379 0.0535693 -6.7028465 -0.0066121 -0.7099302 -0.0152683 0.7040755
1600672059.816231 2.3774524 0.0544370 -6.7037044 -0.0067649 -0.7107884 -0.0155202 0.7032021
1600672060.015470 2.3153026 0.0553745 -6.7044945 -0.0063540 -0.7114633 -0.0157054 0.7025189
1600672060.214035 2.2547426 0.0565219 -6.7052822 -0.0064016 -0.7119015 -0.0153678 0.7020819
1600672060.411940 2.1940043 0.0577544 -6.7061687 -0.0076268 -0.7127513 -0.0153519 0.7012073
1600672060.609864 2.1336584 0.0586890 -6.7071042 -0.0075776 -0.7134273 -0.0150410 0.7005268
1600672060.709149 2.1041617 0.0590937 -6.7075267 -0.0068117 -0.7136455 -0.0148172 0.7003172
1600672060.909697 2.0443552 0.0604638 -6.7088480 -0.0066707 -0.7144071 -0.0150920 0.6995357
1600672061.110940 1.9852602 0.0615379 -6.7092919 -0.0071934 -0.7153023 -0.0144799 0.6986281
1600672061.313517 1.9259365 0.0625901 -6.7117467 -0.0058619 -0.7160203 -0.0146224 0.6979017
1600672061.514727 1.8671235 0.0638700 -6.7138124 -0.0061421 -0.7164509 -0.0161697 0.6974231
1600672061.715309 1.8088833 0.0649633 -6.7156672 -0.0072296 -0.7172375 -0.0166264 0.6965929
1600672061.913875 1.7514580 0.0659023 -6.7166591 -0.0066980 -0.7180209 -0.0161704 0.6958014
1600672062.211050 1.6662221 0.0672937 -6.7197189 -0.0060910 -0.7186872 -0.0166739 0.6951069
1600672062.409633 1.6102879 0.0683347 -6.7216392 -0.0057050 -0.7192310 -0.0167507 0.6945456
1600672062.609522 1.5546153 0.0692309 -6.7243376 -0.0060364 -0.7199198 -0.0174301 0.6938121
1600672063.012654 1.4438691 0.0720281 -6.7300062 -0.0042655 -0.7203471 -0.0200606 0.6933105
1600672063.214563 1.3881123 0.0735500 -6.7319970 -0.0038120 -0.7204273 -0.0213194 0.6931922
1600672063.415144 1.3338807 0.0749213 -6.7334485 -0.0044537 -0.7204424 -0.0208062 0.6931884
1600672063.614357 1.2803345 0.0762212 -6.7348194 -0.0037764 -0.7198015 -0.0208442 0.6938567
1600672063.812968 1.2264779 0.0775061 -6.7364674 -0.0037758 -0.7185982 -0.0211089 0.6950948
1600672064.010164 1.1736381 0.0786761 -6.7373986 -0.0041830 -0.7176968 -0.0210115 0.6960261
1600672064.209400 1.1207880 0.0799651 -6.7387505 -0.0034575 -0.7164610 -0.0204246 0.6973195
1600672064.409331 1.0684344 0.0810281 -6.7393508 -0.0032748 -0.7139069 -0.0207521 0.6999254
1600672064.611232 1.0150297 0.0820483 -6.7379222 -0.0037740 -0.7103087 -0.0205433 0.7035804
1600672064.813108 0.9624146 0.0831607 -6.7364192 -0.0039194 -0.7060013 -0.0202311 0.7079107
1600672065.115618 0.8833219 0.0849157 -6.7331548 -0.0038284 -0.6994102 -0.0199050 0.7144330
1600672065.414137 0.8061963 0.0867248 -6.7272334 -0.0055410 -0.6930605 -0.0195041 0.7205942
1600672065.612058 0.7539728 0.0880703 -6.7235403 -0.0057866 -0.6898165 -0.0194857 0.7236989
1600672065.809944 0.7024537 0.0890233 -6.7190647 -0.0062641 -0.6865224 -0.0190208 0.7268329
1600672066.009208 0.6500196 0.0902459 -6.7150164 -0.0065379 -0.6829932 -0.0197948 0.7301272
1600672066.209744 0.5974069 0.0915864 -6.7100015 -0.0061478 -0.6796076 -0.0204785 0.7332642
1600672066.411655 0.5435100 0.0931460 -6.7040691 -0.0071828 -0.6761484 -0.0202536 0.7364520
1600672066.614212 0.4879306 0.0948068 -6.6972880 -0.0067654 -0.6714852 -0.0204197 0.7407057
1600672066.816113 0.4317772 0.0965391 -6.6902852 -0.0059685 -0.6642157 -0.0229119 0.7471659
1600672067.016048 0.3771902 0.0977970 -6.6795063 -0.0047591 -0.6544874 -0.0215147 0.7557517
1600672067.213936 0.3228698 0.0989233 -6.6670375 -0.0048014 -0.6438043 -0.0210111 0.7648866
1600672067.411821 0.2696799 0.0999785 -6.6527791 -0.0032119 -0.6296770 -0.0215762 0.7765507
1600672067.609746 0.2154089 0.1016401 -6.6359324 -0.0011385 -0.6116402 -0.0228924 0.7908040
1600672067.808983 0.1602668 0.1022380 -6.6138573 -0.0021850 -0.5890561 -0.0238134 0.8077382
1600672068.009533 0.1083672 0.1030994 -6.5885339 -0.0000220 -0.5635178 -0.0230604 0.8257820
1600672068.211428 0.0564208 0.1043966 -6.5583911 0.0014118 -0.5352087 -0.0236017 0.8443889
1600672068.413326 0.0060406 0.1055411 -6.5248871 0.0024796 -0.5029826 -0.0236677 0.8639689
1600672068.614582 -0.0401387 0.1057429 -6.4858150 0.0023675 -0.4702503 -0.0222798 0.8822486
1600672068.814481 -0.0830123 0.1055709 -6.4457064 0.0043324 -0.4369527 -0.0236060 0.8991643
1600672069.112318 -0.1414216 0.1059914 -6.3776178 0.0044779 -0.3869667 -0.0237025 0.9217781
1600672069.310245 -0.1768754 0.1062813 -6.3294582 0.0040833 -0.3530493 -0.0246826 0.9352702
1600672069.508785 -0.2086875 0.1065538 -6.2768350 0.0031525 -0.3202927 -0.0245391 0.9469955
1600672069.709379 -0.2363572 0.1058241 -6.2248859 0.0042531 -0.2879405 -0.0221487 0.9573827
1600672069.910612 -0.2631302 0.1058320 -6.1692348 0.0041896 -0.2564665 -0.0228586 0.9662737
1600672070.113155 -0.2861776 0.1059198 -6.1107812 0.0034972 -0.2242458 -0.0244783 0.9742188
1600672070.213782 -0.2958279 0.1057076 -6.0809374 0.0025886 -0.2083711 -0.0245984 0.9777371
1600672070.315062 -0.3047295 0.1055378 -6.0507922 0.0017642 -0.1920943 -0.0250596 0.9810549
1600672070.415011 -0.3120559 0.1052302 -6.0216684 0.0010809 -0.1757941 -0.0252914 0.9841014
1600672070.515632 -0.3191941 0.1051184 -5.9907150 0.0009907 -0.1589431 -0.0254325 0.9869596
1600672070.614907 -0.3249929 0.1048661 -5.9596415 0.0008234 -0.1418906 -0.0257670 0.9895466
1600672070.714210 -0.3292676 0.1044552 -5.9293666 0.0009414 -0.1244804 -0.0258302 0.9918854
1600672070.813476 -0.3326417 0.1043742 -5.8983407 0.0007640 -0.1069436 -0.0254425 0.9939392
1600672070.912112 -0.3349110 0.1041664 -5.8669996 0.0003197 -0.0890014 -0.0251795 0.9957131
1600672071.109998 -0.3374060 0.1039880 -5.8032875 0.0010860 -0.0531434 -0.0255879 0.9982584
1600672071.209311 -0.3367507 0.1036875 -5.7722721 0.0021924 -0.0349673 -0.0260243 0.9990472
1600672071.408520 -0.3318678 0.1031265 -5.7096334 0.0024150 -0.0003163 -0.0259266 0.9996609
1600672071.609754 -0.3221347 0.1018968 -5.6473055 0.0026697 0.0311375 -0.0245074 0.9992111
1600672071.811686 -0.3101335 0.1009994 -5.5847125 0.0029802 0.0587951 -0.0220831 0.9980214
1600672072.014220 -0.2973987 0.0993388 -5.5228848 0.0015115 0.0795637 -0.0210827 0.9966056
1600672072.214804 -0.2851799 0.0987044 -5.4623709 0.0006218 0.0937475 -0.0216920 0.9953595
1600672072.414687 -0.2709360 0.0978970 -5.4019561 0.0011457 0.1014442 -0.0217463 0.9946029
1600672072.613271 -0.2559432 0.0962459 -5.3420334 0.0026329 0.1058752 -0.0191983 0.9941906
1600672072.811159 -0.2415470 0.0950114 -5.2816625 0.0032556 0.1070797 -0.0174722 0.9940916
1600672073.009059 -0.2277412 0.0937348 -5.2214260 0.0050926 0.1081171 -0.0176623 0.9939682
1600672073.208964 -0.2133533 0.0921778 -5.1598992 0.0040136 0.1080715 -0.0164078 0.9939996
1600672073.410235 -0.1980513 0.0904853 -5.0970573 0.0025304 0.1083106 -0.0134955 0.9940223
1600672073.612777 -0.1833394 0.0893636 -5.0336785 0.0036529 0.1071456 -0.0115033 0.9941701
1600672073.814664 -0.1689689 0.0878706 -4.9700918 0.0040839 0.1042243 -0.0097382 0.9944978
1600672074.015265 -0.1556926 0.0866889 -4.9054070 0.0036986 0.1007961 -0.0087818 0.9948615
1600672074.313085 -0.1366096 0.0849320 -4.8084726 0.0027573 0.0943828 -0.0070493 0.9955072
1600672074.510994 -0.1247656 0.0836561 -4.7436447 0.0022965 0.0889035 -0.0059485 0.9960198
1600672074.708890 -0.1134948 0.0828228 -4.6772890 0.0021154 0.0834297 -0.0047705 0.9965000
1600672074.908124 -0.1033290 0.0818667 -4.6109424 0.0028620 0.0779785 -0.0042852 0.9969417
1600672075.109361 -0.0942472 0.0806741 -4.5425067 0.0023986 0.0725341 -0.0046133 0.9973524
1600672075.311273 -0.0847855 0.0795349 -4.4730921 0.0025528 0.0669204 -0.0041732 0.9977463
1600672075.513826 -0.0762236 0.0781000 -4.4032464 0.0033354 0.0627777 -0.0042798 0.9980128
1600672075.715108 -0.0679184 0.0770844 -4.3326082 0.0038961 0.0589693 -0.0042222 0.9982433
1600672075.914965 -0.0596541 0.0758814 -4.2628169 0.0040240 0.0555069 -0.0032727 0.9984449
1600672076.112866 -0.0524825 0.0743564 -4.1932163 0.0035446 0.0518812 -0.0038490 0.9986395
1600672076.310782 -0.0460338 0.0728865 -4.1232390 0.0028473 0.0480521 -0.0040492 0.9988326
1600672076.508670 -0.0399682 0.0712346 -4.0550642 0.0042029 0.0445559 -0.0034848 0.9989920
1600672076.708570 -0.0345392 0.0697415 -3.9861257 0.0049161 0.0412008 -0.0036036 0.9991323
1600672076.909807 -0.0291397 0.0684872 -3.9164443 0.0045511 0.0375940 -0.0028208 0.9992787
1600672077.111706 -0.0247625 0.0664487 -3.8473928 0.0055689 0.0341517 -0.0032157 0.9993960
1600672077.313620 -0.0206888 0.0647069 -3.7797940 0.0057699 0.0308345 -0.0027998 0.9995039
1600672077.514845 -0.0163803 0.0632185 -3.7122390 0.0053002 0.0275887 -0.0024491 0.9996023
1600672077.714078 -0.0134559 0.0616126 -3.6456802 0.0046541 0.0251283 -0.0025950 0.9996700
1600672077.912642 -0.0100500 0.0602656 -3.5786967 0.0023053 0.0230002 -0.0023362 0.9997301
1600672078.110576 -0.0078222 0.0590798 -3.5130804 0.0030335 0.0211174 -0.0034548 0.9997664
1600672078.309115 -0.0051676 0.0578446 -3.4468055 0.0023510 0.0187547 -0.0033935 0.9998156
1600672078.609000 -0.0007848 0.0564799 -3.3463418 0.0015390 0.0161267 -0.0018069 0.9998671
1600672078.912151 0.0003814 0.0542445 -3.2459517 0.0020100 0.0115415 -0.0026329 0.9999279
1600672079.114052 0.0013357 0.0534170 -3.1787696 0.0011460 0.0070019 -0.0024797 0.9999717
1600672079.315286 0.0020324 0.0526849 -3.1124613 0.0025733 0.0034073 -0.0013132 0.9999900
1600672079.513854 0.0017187 0.0516074 -3.0453837 0.0006951 -0.0013127 -0.0021119 0.9999967
1600672079.711755 0.0004933 0.0506217 -2.9792707 0.0022058 -0.0028670 -0.0038680 0.9999860
1600672079.909658 0.0005080 0.0492694 -2.9134464 0.0004614 -0.0038415 -0.0035035 0.9999864
1600672080.108243 0.0005517 0.0481811 -2.8474429 0.0013415 -0.0038062 -0.0034729 0.9999858
1600672080.308796 -0.0002249 0.0471776 -2.7809558 0.0020375 -0.0037606 -0.0045601 0.9999804
1600672080.510030 -0.0005838 0.0461619 -2.7136269 0.0017385 -0.0039725 -0.0045708 0.9999802
1600672080.712603 -0.0005305 0.0449838 -2.6465623 0.0022973 -0.0034808 -0.0050207 0.9999787
1600672080.914499 -0.0005876 0.0439428 -2.5796802 0.0023631 -0.0022773 -0.0053885 0.9999801
1600672081.114400 -0.0000527 0.0422377 -2.5139303 0.0029340 -0.0009220 -0.0054262 0.9999806
1600672081.313662 0.0002300 0.0415460 -2.4485106 0.0015281 0.0005772 -0.0063606 0.9999784
1600672081.511536 0.0005374 0.0400446 -2.3840439 0.0009620 0.0019409 -0.0068564 0.9999741
1600672081.708773 0.0018061 0.0388965 -2.3206034 0.0007800 0.0032321 -0.0063636 0.9999743
1600672081.908007 0.0028620 0.0375931 -2.2572179 0.0015779 0.0047051 -0.0063727 0.9999674
1600672082.108575 0.0035275 0.0371591 -2.1934671 0.0019759 0.0064042 -0.0067569 0.9999547
1600672082.310481 0.0057172 0.0357920 -2.1302099 0.0015683 0.0072704 -0.0057490 0.9999558
1600672082.513070 0.0074625 0.0342004 -2.0673077 0.0010857 0.0082752 -0.0050795 0.9999523
1600672082.714946 0.0089279 0.0332071 -2.0055177 0.0006866 0.0089002 -0.0053448 0.9999459
1600672082.915523 0.0107515 0.0321248 -1.9450958 0.0010208 0.0090615 -0.0047027 0.9999474
1600672083.114085 0.0119177 0.0309135 -1.8852724 0.0010933 0.0090112 -0.0044434 0.9999489
1600672083.311984 0.0134753 0.0299646 -1.8260826 0.0004852 0.0087674 -0.0041664 0.9999528
1600672083.509911 0.0147065 0.0291594 -1.7675825 0.0004024 0.0080657 -0.0030830 0.9999626
1600672083.808438 0.0164899 0.0274989 -1.6808074 0.0005699 0.0074009 -0.0021779 0.9999701
1600672084.110284 0.0185845 0.0265084 -1.5946894 0.0003071 0.0064604 -0.0002302 0.9999791
1600672084.413469 0.0199374 0.0249504 -1.5091214 -0.0012811 0.0049847 -0.0002274 0.9999867
1600672084.614674 0.0211116 0.0242045 -1.4524924 -0.0010968 0.0037812 0.0004200 0.9999921
1600672084.813908 0.0217919 0.0233140 -1.3976518 -0.0005279 0.0026705 0.0009216 0.9999959
1600672085.111098 0.0222060 0.0226085 -1.3165207 0.0010236 0.0012363 0.0004475 0.9999986
1600672085.508264 0.0227811 0.0207345 -1.2068847 0.0011974 -0.0005619 0.0000510 0.9999991
1600672085.809420 0.0240423 0.0195428 -1.1234772 0.0005996 -0.0017616 0.0007150 0.9999980
1600672086.011322 0.0242690 0.0186247 -1.0685526 0.0011326 -0.0024145 0.0005938 0.9999962
1600672086.213218 0.0237364 0.0175249 -1.0133264 0.0006435 -0.0030011 0.0008255 0.9999949
1600672086.514405 0.0239315 0.0164502 -0.9325318 0.0017847 -0.0041994 0.0017044 0.9999881
1600672086.712991 0.0257012 0.0161856 -0.8789805 0.0023496 -0.0054727 0.0021304 0.9999800
1600672087.009502 0.0230996 0.0143484 -0.8032448 0.0016533 -0.0054290 0.0011200 0.9999833
1600672087.308044 0.0225006 0.0126468 -0.7275904 0.0013508 -0.0061013 0.0010969 0.9999799
1600672087.609888 0.0225499 0.0109284 -0.6543176 0.0019714 -0.0064563 0.0011287 0.9999766
1600672087.913051 0.0215788 0.0098773 -0.5821856 0.0019148 -0.0066832 -0.0000953 0.9999758
1600672088.214258 0.0196584 0.0085453 -0.5129324 0.0012304 -0.0073285 -0.0018061 0.9999707
1600672088.710655 0.0196531 0.0063985 -0.4018650 0.0003839 -0.0070951 0.0003296 0.9999747
1600672088.908556 0.0188995 0.0060866 -0.3588074 -0.0008767 -0.0058714 -0.0022078 0.9999799
1600672089.107796 0.0171129 0.0056152 -0.3160381 -0.0017049 -0.0062926 -0.0051284 0.9999656
1600672089.409670 0.0204358 0.0048636 -0.2543250 0.0029916 -0.0057437 0.0023863 0.9999762
1600672089.612242 0.0194898 0.0037016 -0.2120895 -0.0011520 -0.0052422 0.0009747 0.9999851
1600672089.914742 0.0184956 0.0031187 -0.1527124 0.0001861 -0.0034354 -0.0010587 0.9999935
1600672090.114629 0.0199563 0.0028254 -0.1136606 0.0008231 -0.0020692 0.0015674 0.9999963
1600672090.312534 0.0191810 0.0012772 -0.0756479 -0.0014052 -0.0032646 -0.0005226 0.9999936
1600672090.510434 0.0196993 0.0007274 -0.0388828 -0.0013152 -0.0020568 -0.0002054 0.9999970
1600672091.008217 0.0203279 -0.0005264 0.0507809 0.0008632 -0.0033624 0.0014164 0.9999930
1600672091.814459 0.0184519 -0.0020460 0.1853826 0.0003359 -0.0077337 0.0012351 0.9999692
