1600671930.91 0.00000000000000 0.00000000000000 0.00000000000000 0.00000000000000 0.00000000000000 0.00000000000000 1.00000000000000
1600671931.11 0.00267673446797 -0.00018834431830 -0.00027553783730 0.00005378464266 0.00007279340207 -0.00026858726051 1.00000011921000
1600671931.31 -0.00109268294182 0.00210873712786 0.00071171252057 0.00002856805622 0.00003819326230 -0.00032223010203 1.00000000000000
1600671931.52 -0.00921050086617 -0.00028002518229 0.00344929913990 0.00067620666232 0.00027883503935 -0.00012479654106 0.99999976158100
1600671931.72 -0.01709206402300 0.00137458438985 0.00715448055416 -0.00076382298721 -0.00100052624475 0.00021558970911 1.00000071526000
1600671931.92 0.01013582665470 0.00080593669554 0.00361740658991 0.00047861132771 -0.00048277783208 0.00034606718691 1.00000071526000
1600671932.11 0.03417813405390 -0.00271094101481 0.00334375025705 -0.00051166722551 -0.00102796673309 0.00030155130662 0.99999988079100
1600671932.31 0.07107784599070 -0.00061880366411 -0.00342967547476 0.00089710712200 -0.00140759290662 0.00049541221233 1.00000131130000
1600671932.51 0.13910427689600 0.00035891178413 0.00272281537764 0.00226854626089 -0.00181953504216 0.00081183901057 0.99999582767500
1600671932.71 0.22261026501700 -0.00025629263837 0.00223461864516 0.00255238614045 -0.00236170436256 0.00107062223833 0.99999338388400
1600671932.91 0.33265396952600 -0.00395211018622 0.00554800685495 0.00223280768842 -0.00276269228198 0.00174088752829 0.99999350309400
1600671933.11 0.47138440609000 -0.00277361902408 0.00728826830164 0.00282596703619 -0.00203896942548 0.00238079251722 0.99999153614000
1600671933.32 0.60408437252000 0.00037200024235 0.01279603596780 0.00135041167960 -0.00199519260786 0.00289746257477 0.99999529123300
1600671933.52 0.75901371240600 0.00264681875706 0.02442272938790 0.00170054519549 -0.00248374347575 0.00386877101846 0.99998944997800
1600671933.72 0.89934301376300 0.00716197397560 0.03218490257860 0.00030486495234 -0.00257417093962 0.00507502118126 0.99998617172200
1600671933.91 1.07478809357000 0.00783910229802 0.02907943539320 -0.00002218411464 -0.00154550920706 0.00594386365265 0.99998199939700
1600671934.11 1.24310338497000 0.01134360115980 0.03577838465570 0.00049052404938 -0.00162959378213 0.00699218502268 0.99997657537500
1600671934.31 1.42802286148000 0.00947169214487 0.04490334913130 0.00027172721457 -0.00235601956956 0.00791177246720 0.99996620416600
1600671934.51 1.61973893642000 0.01263118255880 0.05398173630240 -0.00033606862416 -0.00192876730580 0.00899500958622 0.99995857477200
1600671934.71 1.83648312092000 0.01286757737400 0.06251078844070 -0.00047597385128 -0.00158834317699 0.00999063067138 0.99994939565700
1600671934.91 2.04684424400000 0.01539890654390 0.07627049833540 0.00003367988029 -0.00176195916720 0.01113102678210 0.99993664026300
1600671935.12 2.27808761597000 0.02590327523650 0.08060498535630 -0.00075735570863 -0.00196571019478 0.01246696524320 0.99992126226400
1600671935.32 2.51705193520000 0.03193464875220 0.08251339197160 -0.00082739652135 -0.00099445832893 0.01410261075940 0.99989992380100
1600671935.51 2.75521206856000 0.03235079348090 0.09745855629440 -0.00049439462600 -0.00082794879563 0.01569071598350 0.99987697601300
1600671935.71 3.00542092323000 0.04257024452090 0.10146946460000 -0.00065434456337 -0.00068864371860 0.01765520311890 0.99984562397000
1600671935.91 3.26238226891000 0.05144159495830 0.10652352124500 -0.00093084049877 -0.00107682787348 0.01930065825580 0.99981391429900
1600671936.11 3.52956962585000 0.06053254380820 0.11224115639900 -0.00008548613550 -0.00094883196289 0.02098716795440 0.99978083372100
1600671936.31 3.81428885460000 0.08104777336120 0.11094035953300 -0.00099060637876 -0.00153937051073 0.02241571433840 0.99974834919000
1600671936.51 4.10195732117000 0.09125193208460 0.12457227706900 -0.00149990851060 -0.00188274716493 0.02399621531370 0.99970954656600
1600671936.71 4.40538167953000 0.10562077909700 0.13058331608800 -0.00094077485846 -0.00169532292057 0.02645312063400 0.99964880943300
1600671936.92 4.71359586716000 0.12252809852400 0.12971898913400 -0.00153055042028 -0.00233845971525 0.02896126732230 0.99957674741700
1600671937.12 5.02799129486000 0.14048385620100 0.14619083702600 -0.00074726168532 -0.00209028599784 0.03137430548670 0.99950569868100
1600671937.32 5.34621143341000 0.16271927952800 0.15730664134000 -0.00152143347077 -0.00168100080919 0.03290621191260 0.99945765733700
1600671937.51 5.67637205124000 0.17963953316200 0.14492605626600 -0.00261184806004 -0.00134075817186 0.03371140360830 0.99942797422400
1600671937.71 6.00739336014000 0.20569804310800 0.16221730411100 -0.00242749741301 -0.00138711498585 0.03449713438750 0.99940115213400
1600671937.91 6.35531902313000 0.22848491370700 0.16364972293400 -0.00352857285179 -0.00027121242601 0.03430781885980 0.99940603971500
1600671938.11 6.70993423462000 0.24927909672300 0.17177373170900 -0.00443583820015 -0.00033153485856 0.03326087072490 0.99943697452500
1600671938.31 7.06834650040000 0.27719590067900 0.18773452937600 -0.00474251620471 0.00005100638373 0.03260805085300 0.99945861101200
1600671938.51 7.45721387863000 0.30063745379400 0.19919638335700 -0.00486308569089 0.00132042588666 0.03105633333330 0.99950540065800
1600671938.72 7.82802724838000 0.32000997662500 0.20413330197300 -0.00542980758473 0.00104195624590 0.03051775321360 0.99951934814500
1600671938.92 8.22014331818000 0.34015253186200 0.20428037643400 -0.00565930455923 0.00180383655243 0.02941762097180 0.99955010414100
1600671939.12 8.61108684540000 0.36019027233100 0.23108403384700 -0.00603758636862 0.00164885597769 0.02783896215260 0.99959355592700
1600671939.31 9.01637268066000 0.38770332932500 0.22614236176000 -0.00748360482976 0.00182032841258 0.02687359787520 0.99960935115800
1600671939.51 9.42493534088000 0.40630617737800 0.24290531873700 -0.00795166660100 0.00124723569024 0.02562471106650 0.99963933229400
1600671939.71 9.83730792999000 0.41799837350800 0.25315865874300 -0.00699086533859 0.00095823634183 0.02506099082530 0.99966186285000
1600671939.91 10.27006435390000 0.43926292657900 0.25435999035800 -0.00890708528459 0.00083927228115 0.02298197336490 0.99969732761400
1600671940.11 10.72364234920000 0.46217951178600 0.23957523703600 -0.01006646826860 0.00211333786137 0.02261476032440 0.99969232082400
1600671940.31 11.17297649380000 0.48044541478200 0.27733922004700 -0.00847969297320 0.00283256173134 0.02220790460710 0.99971437454200
1600671940.52 11.61933326720000 0.49840095639200 0.29245120286900 -0.00934741646051 0.00094016053481 0.02152287028730 0.99972808361100
1600671940.72 12.08246707920000 0.51847761869400 0.27903863787700 -0.01086529064920 0.00133961020038 0.02157477103170 0.99970746040300
1600671940.91 12.53443527220000 0.53097617626200 0.29801028966900 -0.00895964633673 0.00057057326194 0.02226992696520 0.99971193075200
1600671941.11 13.00428199770000 0.54487955570200 0.30915239453300 -0.00869174208492 0.00128861691337 0.02234818972650 0.99971371889100
1600671941.31 13.47334480290000 0.57002276182200 0.31523442268400 -0.01082715578380 0.00160697847605 0.02203619107600 0.99969953298600
1600671941.51 13.94549846650000 0.60246580839200 0.32012599706600 -0.01251918822530 0.00007392719272 0.02250185422600 0.99966889619800
1600671941.71 14.42059612270000 0.61241710186000 0.34367969632100 -0.01137273572390 0.00025265893783 0.02306213229890 0.99966931343100
1600671941.91 14.90656566620000 0.62883991003000 0.35274180769900 -0.01139048207550 -0.00007999426452 0.02287323959170 0.99967360496500
1600671942.11 15.40709972380000 0.66230452060700 0.34718188643500 -0.01230318378660 0.00063038279768 0.02296972461040 0.99966084957100
1600671942.32 15.88688850400000 0.67812794446900 0.36404326558100 -0.01173751521860 0.00056967406999 0.02348690293730 0.99965626001400
1600671942.52 16.36600303650000 0.70103532075900 0.37923318147700 -0.01210980210450 0.00043916734285 0.02408235147600 0.99963724613200
1600671942.71 16.83489608760000 0.72580379247700 0.38462695479400 -0.01235316600650 0.00015838652325 0.02473715879020 0.99961781501800
1600671942.91 17.30553054810000 0.74248224496800 0.40619936585400 -0.01175285782670 -0.00038938751095 0.02542912960050 0.99960839748400
1600671943.11 17.78913497920000 0.77070361375800 0.40973731875400 -0.01246461365370 -0.00028158476926 0.02525347471240 0.99960368871700
1600671943.31 18.25872993470000 0.79246592521700 0.43109723925600 -0.01294543035330 -0.00088499346748 0.02502309344710 0.99960327148400
1600671943.51 18.72920799260000 0.81572294235200 0.43826797604600 -0.01223429944370 -0.00072899006773 0.02573293820020 0.99959444999700
1600671943.71 19.21162033080000 0.83260816335700 0.43460431695000 -0.01303861010820 0.00007322580495 0.02571118436750 0.99958449602100
1600671943.91 19.68667984010000 0.85721629858000 0.45865407586100 -0.01265447866170 0.00005279191100 0.02516861632470 0.99960333108900
1600671944.12 20.16518783570000 0.88224786520000 0.47403195500400 -0.01305933948610 0.00055687682470 0.02502292394640 0.99960213899600
1600671944.32 20.62669754030000 0.90641134977300 0.47787392139400 -0.01347814127800 0.00057804974494 0.02478916943070 0.99960190057800
1600671944.51 21.08465003970000 0.92268729209900 0.49453303217900 -0.01303962245580 0.00008912932390 0.02416302822530 0.99962335825000
1600671944.71 21.54823875430000 0.94170820713000 0.49765154719400 -0.01291793212290 0.00031819083961 0.02345206961040 0.99964153766600
1600671944.91 22.00950241090000 0.95945262908900 0.50367379188500 -0.01304820179940 0.00105116877239 0.02275920845570 0.99965554475800
1600671945.11 22.45294189450000 0.97756546735800 0.52137339115100 -0.01281498931350 0.00104966457002 0.02210519649090 0.99967306852300
1600671945.31 22.92352867130000 0.99785572290400 0.52908337116200 -0.01335918158290 0.00081593368668 0.02102015353740 0.99968993663800
1600671945.51 23.36797904970000 1.01485192776000 0.55146270990400 -0.01328187249600 0.00022392254323 0.02082122117280 0.99969565868400
1600671945.72 23.82731056210000 1.03544425964000 0.55747991800300 -0.01368116587400 0.00081338832388 0.02051605843010 0.99969589710200
1600671945.92 24.27689361570000 1.05451667309000 0.55800056457500 -0.01477223355320 0.00131402467377 0.01982961036260 0.99969375133500
1600671946.12 24.72043991090000 1.06764948368000 0.56261271238300 -0.01447488274430 0.00159435521346 0.02000853419300 0.99969416856800
1600671946.31 25.17148590090000 1.08011054993000 0.57432150840800 -0.01428388990460 0.00198733736761 0.01937535963950 0.99970871210100
1600671946.51 25.59634590150000 1.10285222530000 0.60236054658900 -0.01512890867890 0.00140917103272 0.01878536492590 0.99970912933300
1600671946.71 26.04700660710000 1.11790573597000 0.60430228710200 -0.01632909663020 0.00173065136187 0.01771202497180 0.99970853328700
1600671946.91 26.48421287540000 1.13516783714000 0.60906147956800 -0.01695038191970 0.00140075897798 0.01744857616720 0.99970388412500
1600671947.11 26.92642784120000 1.13354349136000 0.60038024187100 -0.01548078935590 0.00228098104708 0.01701161265370 0.99974131584200
1600671947.31 27.38191986080000 1.13351833820000 0.63398194313000 -0.01405396685000 0.00300727994181 0.01500095333900 0.99978613853500
1600671947.51 27.80682373050000 1.17294120789000 0.63820201158500 -0.01624621264640 0.00325331860222 0.01538907922800 0.99974673986400
1600671947.72 28.23856544490000 1.17843949795000 0.65272927284200 -0.01660972274840 0.00289954454638 0.01509636454280 0.99974590539900
1600671947.91 28.65028381350000 1.18052589893000 0.65985745191600 -0.01546041294930 -0.00068598042708 0.01585610769690 0.99977022409400
1600671948.11 29.08173942570000 1.17795181274000 0.66712588071800 -0.01529715862130 -0.00118010584265 0.01336284913120 0.99979376792900
1600671948.31 29.48150444030000 1.20941650867000 0.66868299245800 -0.01716668717560 0.00020981917623 0.01432804577050 0.99975103139900
1600671948.51 29.89325714110000 1.21147775650000 0.69323140382800 -0.01719486340880 -0.00084222469013 0.01312994025650 0.99976617097900
1600671948.71 30.28763771060000 1.22479605675000 0.71126425266300 -0.01666885055600 -0.00218720478006 0.01247190032150 0.99978148937200
1600671948.91 30.68445968630000 1.23193585873000 0.71305161714600 -0.01731855049730 -0.00239406619221 0.01175960712130 0.99977952241900
1600671949.11 31.08809280400000 1.23896396160000 0.72513818740800 -0.01770794205370 -0.00222397246398 0.01102333422750 0.99978196620900
1600671949.31 31.46739578250000 1.24938583374000 0.73859840631500 -0.01753317937250 -0.00269917701371 0.01120876800270 0.99978262186100
1600671949.52 31.85304260250000 1.25317192078000 0.74763619899700 -0.01895490847530 -0.00317861512303 0.00991705618799 0.99976742267600
1600671949.71 32.21552658080000 1.27261519432000 0.74853008985500 -0.02099465020000 -0.00277577340603 0.01020310074090 0.99972742795900
1600671949.91 32.58478927610000 1.27611863613000 0.76803803443900 -0.02094713039700 -0.00250783516094 0.01006993558260 0.99972796440100
1600671950.11 32.94328308110000 1.27130818367000 0.78211772441900 -0.02038126997650 -0.00265416083857 0.00991763174534 0.99974054098100
1600671950.31 33.30104827880000 1.27458691597000 0.79713028669400 -0.02004293538630 -0.00210870942101 0.00888954568654 0.99975866079300
1600671950.51 33.65249252320000 1.27754139900000 0.80646753311200 -0.01966480538250 -0.00197957037017 0.00792992115021 0.99977421760600
1600671950.71 34.01557159420000 1.28066253662000 0.80922579765300 -0.01908350735900 -0.00071478943573 0.00762125756592 0.99979120492900
1600671950.91 34.38934707640000 1.27516448498000 0.81664746999700 -0.01891135424380 0.00111298449337 0.00693425536156 0.99979907274200
1600671951.12 34.72622299190000 1.28965866566000 0.82582509517700 -0.01927310600880 0.00112721254118 0.00724539952353 0.99978828430200
1600671951.32 35.08261489870000 1.28828012943000 0.84163630008700 -0.01893784105780 0.00102483853698 0.00701111275703 0.99979567527800
1600671951.51 35.43543624880000 1.28971123695000 0.85071563720700 -0.01788373664020 0.00099910504650 0.00740580540150 0.99981528520600
1600671951.71 35.77551651000000 1.28725254536000 0.86983436346100 -0.01633626967670 -0.00103755702730 0.00683472212404 0.99984329938900
1600671951.91 36.13145446780000 1.28944158554000 0.87113314867000 -0.01666566170750 -0.00119367684238 0.00617367634550 0.99984174966800
1600671952.11 36.48527145390000 1.29147124290000 0.88252568244900 -0.01746380329130 -0.00259737344459 0.00462518399581 0.99983370304100
1600671952.31 36.84564208980000 1.28459322453000 0.88696891069400 -0.01581463031470 -0.00234460853972 0.00338102807291 0.99986797571200
1600671952.51 37.20845794680000 1.28505420685000 0.88425260782200 -0.01513243280350 -0.00185893406160 0.00247639813460 0.99988245964100
1600671952.71 37.57966232300000 1.28933286667000 0.91027653217300 -0.01557781454180 -0.00140090996865 0.00138772733044 0.99987995624500
1600671952.92 37.92990493770000 1.29022789001000 0.91991138458300 -0.01656589657070 -0.00176948728040 -0.00013615918579 0.99986135959600
1600671953.12 38.30757904050000 1.28129100800000 0.93572658300400 -0.01600901037450 -0.00254691974260 -0.00188897107728 0.99986714124700
1600671953.31 38.65400314330000 1.28047990799000 0.94247847795500 -0.01546557806430 -0.00282346596941 -0.00341977016069 0.99987071752500
1600671953.51 39.04337692260000 1.26032865047000 0.92601895332300 -0.01588358171280 -0.00147578853648 -0.00650923978537 0.99985200166700
1600671953.71 39.39046096800000 1.24202644825000 0.96181815862700 -0.01474302727730 -0.00232022348791 -0.01040047314020 0.99983686208700
1600671953.91 39.79438781740000 1.22539114952000 0.95463424921000 -0.01437292434280 -0.00082446914166 -0.01445574965330 0.99979203939400
1600671954.11 40.16629791260000 1.20222759247000 0.98143547773400 -0.01439700648190 0.00038107865839 -0.02074713073670 0.99968147277800
1600671954.31 40.53244400020000 1.18973302841000 0.98603934049600 -0.01534678321330 0.00129841116723 -0.02826969325540 0.99948227405500
1600671954.51 40.90825653080000 1.15527558327000 1.00661325455000 -0.01514892559500 -0.00136007578112 -0.03559732809660 0.99925273656800
1600671954.72 41.29415512080000 1.10529291630000 0.99752181768400 -0.01327748317270 -0.00099041312933 -0.04453355446460 0.99892061948800
1600671954.92 41.66767883300000 1.03371429443000 1.03326928616000 -0.00943660829216 -0.00446688756347 -0.05456815660000 0.99845898151400
1600671955.11 42.03975296020000 0.97982275486000 1.04398798943000 -0.00807156134397 -0.00611320137978 -0.06457220017910 0.99786210060100
1600671955.31 42.42399978640000 0.92816275358200 1.03230583668000 -0.01002289634200 -0.00481425505131 -0.07436047494410 0.99717295169800
1600671955.51 42.79213714600000 0.85722953081100 1.06529080868000 -0.00976629648358 -0.00596627127379 -0.08460295200350 0.99634903669400
1600671955.71 43.17685699460000 0.76638162136100 1.07173049450000 -0.00871825963259 -0.00561612192541 -0.09452307224270 0.99546909332300
1600671955.91 43.54928588870000 0.68376618623700 1.08240735531000 -0.00865079089999 -0.00555719109252 -0.10420889407400 0.99450248479800
1600671956.11 43.94493484500000 0.57443827390700 1.08918678761000 -0.00754759926349 -0.00516236433759 -0.11435336619600 0.99339860677700
1600671956.31 44.32355880740000 0.47776561975500 1.12299752235000 -0.00809341296554 -0.00403291778639 -0.12382806837600 0.99226278066600
1600671956.51 44.70834350590000 0.37044772505800 1.12081551552000 -0.00811092182994 -0.00280284252949 -0.13297662138900 0.99108237028100
1600671956.72 45.09191894530000 0.23877632618000 1.14536833763000 -0.00693812314421 -0.00195085071027 -0.14268566668000 0.98974275589000
1600671956.91 45.45553207400000 0.12255903333400 1.18717956543000 -0.00574532384053 -0.00371066760272 -0.15200330317000 0.98835641145700
1600671957.11 45.85653686520000 -0.01922321878370 1.17448484898000 -0.00730305537581 -0.00109559018165 -0.16373871266800 0.98647648096100
1600671957.31 46.23867034910000 -0.15544769167900 1.17209815979000 -0.00847049802542 0.00173301552422 -0.17390480637600 0.98472499847400
1600671957.51 46.61290740970000 -0.31339550018300 1.18887448311000 -0.00825774017721 -0.00073610554682 -0.18587121367500 0.98253941535900
1600671957.71 47.01594924930000 -0.48222452402100 1.19194602966000 -0.00881005357951 -0.00055421813158 -0.19834963977300 0.98009246587800
1600671957.91 47.39369583130000 -0.65629589557600 1.21190452576000 -0.00921303872019 -0.00344915175810 -0.21167169511300 0.97729164362000
1600671958.11 47.74449157710000 -0.83890652656600 1.22523689270000 -0.00894554890692 -0.00764646567404 -0.22518166899700 0.97424620389900
1600671958.31 48.12999725340000 -1.02709662914000 1.24686765671000 -0.01085948292170 -0.00770243443549 -0.23938910663100 0.97083318233500
1600671958.51 48.51087570190000 -1.23473465443000 1.24232947826000 -0.01370243448760 -0.00765908975154 -0.25247594714200 0.96747606992700
1600671958.71 48.85169601440000 -1.48590397835000 1.26270365715000 -0.00927492137998 -0.00953401066363 -0.26738184690500 0.96349912881900
1600671958.91 49.18230438230000 -1.71663641930000 1.29368925095000 -0.00629207864404 -0.00995368603617 -0.28110527992200 0.95960533618900
1600671959.11 49.53407287600000 -1.95962905884000 1.30653774738000 -0.00651195272803 -0.00922113284469 -0.29667764902100 0.95491170883200
1600671959.31 49.87865066530000 -2.22055935860000 1.31737756729000 -0.00614769244567 -0.00735893240198 -0.31065249443100 0.95047533512100
1600671959.51 50.21502304080000 -2.51597976685000 1.33871173859000 -0.00231279549189 -0.00547238579020 -0.32690694928200 0.94503974914600
1600671959.71 50.53261566160000 -2.79516911507000 1.35755097866000 -0.00221262080595 -0.00554078118876 -0.34306323528300 0.93929344415700
1600671959.91 50.84490966800000 -3.08184933662000 1.39877414703000 -0.00110602227505 -0.00640088133514 -0.36105245351800 0.93252378702200
1600671960.12 51.15744018550000 -3.37893939018000 1.40234506130000 -0.00362161244266 -0.00769926793873 -0.37758201360700 0.92594081163400
1600671960.31 51.43964385990000 -3.70359539986000 1.42465245724000 -0.00335313379765 -0.00988092739135 -0.39540469646500 0.91844916343700
1600671960.51 51.71672821040000 -4.02860307693000 1.42857384682000 -0.00287328823470 -0.00995610561222 -0.41197401285200 0.91113692522000
1600671960.71 51.98526000980000 -4.36759901047000 1.44349288940000 -0.00350422784686 -0.01015466731040 -0.42950713634500 0.90300017595300
1600671960.91 52.24300765990000 -4.70387697220000 1.46557402611000 -0.00375393731520 -0.01027331966910 -0.44559103250500 0.89517009258300
1600671961.11 52.47332000730000 -5.06149625778000 1.48986387253000 -0.00339790154248 -0.01091764029120 -0.46246200799900 0.88656592369100
1600671961.31 52.70132446290000 -5.45536899567000 1.51049017906000 -0.00143905158620 -0.01083792187270 -0.47938263416300 0.87753808498400
1600671961.51 52.93511581420000 -5.81782197952000 1.51859200001000 -0.00348810362630 -0.01057374011730 -0.49528935551600 0.86865711212200
1600671961.71 53.13729095460000 -6.20485401154000 1.53909647465000 -0.00409657368436 -0.01067956257610 -0.51152986288100 0.85919040441500
1600671961.92 53.31438064580000 -6.60846185684000 1.57671105862000 -0.00095088413218 -0.01113066636030 -0.52673763036700 0.84995549917200
1600671962.11 53.47891616820000 -7.01229000092000 1.58010315895000 0.00091459421674 -0.01111158169810 -0.54203987121600 0.84028059244200
1600671962.31 53.63443756100000 -7.42171621323000 1.59355211258000 0.00186498253606 -0.01096956338730 -0.55781799554800 0.82989013195000
1600671962.51 53.78921890260000 -7.82215690613000 1.60920321941000 -0.00003142650894 -0.00981621071696 -0.57335674762700 0.81924962997400
1600671962.71 53.90445709230000 -8.22166252136000 1.62003505230000 0.00024681238574 -0.01077287737280 -0.58808922767600 0.80872464180000
1600671962.91 53.99234390260000 -8.65470409393000 1.64124834538000 0.00301287206821 -0.01302537694570 -0.60206776857400 0.79833322763400
1600671963.11 54.09761047360000 -9.09083271027000 1.65695774555000 0.00365205225535 -0.01274293567990 -0.61634296178800 0.78736728429800
1600671963.31 54.19180679320000 -9.52740383148000 1.67095136642000 0.00366998882964 -0.01082322280850 -0.62992525100700 0.77657181024600
1600671963.51 54.24624252320000 -9.95853233337000 1.69554209709000 0.00488321669400 -0.01306338608260 -0.64292591810200 0.76580286026000
1600671963.71 54.29416275020000 -10.37448024750000 1.70997416973000 0.00393399456516 -0.01485030259940 -0.65415471792200 0.75620579719500
1600671963.91 54.35052108760000 -10.80255222320000 1.72162771225000 0.00423175934702 -0.01458097435530 -0.66388654708900 0.74768018722500
1600671964.11 54.38087081910000 -11.23310279850000 1.72575366497000 0.00570160103962 -0.01434201933440 -0.67185467481600 0.74052387476000
1600671964.31 54.41303253170000 -11.64737606050000 1.74746787548000 0.00438519893214 -0.01439705770460 -0.67991721630100 0.73313444852800
1600671964.51 54.42403793330000 -12.08607006070000 1.76713013649000 0.00702147930861 -0.01463382039220 -0.68749469518700 0.72600895166400
1600671964.71 54.43542861940000 -12.52730560300000 1.77687323093000 0.00847237929702 -0.01480308268220 -0.69315707683600 0.72058564424500
1600671964.91 54.45025634770000 -12.97488975520000 1.78268206120000 0.00931460969150 -0.01358487829570 -0.69784843921700 0.71605640649800
1600671965.11 54.44599533080000 -13.41031551360000 1.80263924599000 0.01002370193600 -0.01355444639920 -0.70104694366500 0.71291655302000
1600671965.31 54.44499588010000 -13.83252906800000 1.83739030361000 0.00913457106799 -0.01440245192500 -0.70297098159800 0.71101689338700
1600671965.51 54.45524215700000 -14.27452754970000 1.84412896633000 0.00794778019190 -0.01470054313540 -0.70445007085800 0.70955848693800
1600671965.71 54.45118713380000 -14.73994255070000 1.84593653679000 0.00822528079152 -0.01443214993920 -0.70582389831500 0.70819288492200
1600671965.91 54.45513916020000 -15.17265605930000 1.84894108772000 0.00900311302394 -0.01358983386310 -0.70715129375500 0.70687472820300
1600671966.11 54.45032119750000 -15.59631156920000 1.88472676277000 0.00635373592377 -0.01450041309000 -0.70834892988200 0.70568513870200
1600671966.31 54.43918609620000 -16.05021476750000 1.89352834225000 0.00720524974167 -0.01478607859460 -0.70972490310700 0.70428860187500
1600671966.51 54.43202209470000 -16.50372886660000 1.91758024693000 0.00661587994546 -0.01532171294090 -0.71127229929000 0.70271873474100
1600671966.71 54.42663574220000 -16.96293258670000 1.93481636047000 0.00567889679223 -0.01493406202640 -0.71244204044300 0.70154953002900
1600671966.91 54.41107559200000 -17.42864227290000 1.94702970982000 0.00673731882125 -0.01472517475490 -0.71312236785900 0.70085328817400
1600671967.11 54.38744735720000 -17.89535903930000 1.96688854694000 0.00596805615351 -0.01616517826910 -0.71378672123000 0.70015233755100
1600671967.31 54.36544418330000 -18.36581420900000 1.98582506180000 0.00754181202501 -0.01742020808160 -0.71398234367400 0.69990688562400
1600671967.51 54.36510086060000 -18.84329414370000 1.98879837990000 0.00739283720031 -0.01642220467330 -0.71411699056600 0.69979655742600
1600671967.71 54.34829330440000 -19.29869651790000 2.00722026825000 0.00688574044034 -0.01675289869310 -0.71422129869500 0.69968664646100
1600671967.91 54.32858276370000 -19.76927185060000 2.02170634270000 0.00710737518966 -0.01700057648120 -0.71418792009400 0.69971168041200
1600671968.11 54.31354904170000 -20.24040603640000 2.05601024628000 0.00807781890035 -0.01767700538040 -0.71466076374100 0.69920176267600
1600671968.31 54.30412673950000 -20.71892738340000 2.07084751129000 0.00780890788883 -0.01670965738590 -0.71485060453400 0.69903510808900
1600671968.51 54.28990173340000 -21.22681236270000 2.07135128975000 0.00899040885270 -0.01465528830890 -0.71558129787400 0.69831800460800
1600671968.71 54.26482009890000 -21.73692703250000 2.09193062782000 0.01152499299500 -0.01494221854950 -0.71511900425000 0.69874870777100
1600671968.91 54.25674438480000 -22.21627426150000 2.12201523781000 0.00786907505244 -0.01502992305900 -0.71539056301100 0.69852077961000
1600671969.11 54.24727630620000 -22.71643447880000 2.12369704247000 0.00754332728684 -0.01425535790620 -0.71518474817300 0.69875258207300
1600671969.31 54.22821044920000 -23.21129035950000 2.15548086166000 0.00630892161280 -0.01503411494200 -0.71522039175000 0.69870895147300
1600671969.51 54.21598052980000 -23.70504570010000 2.15671277046000 0.00697539607063 -0.01439489237960 -0.71450960636100 0.69944500923200
1600671969.71 54.19829559330000 -24.23029708860000 2.16884541512000 0.00899754837155 -0.01365524344150 -0.71467173099500 0.69927012920400
1600671969.91 54.18313598630000 -24.71591377260000 2.20815968513000 0.00736153824255 -0.01425750553610 -0.71473896503400 0.69920760393100
1600671970.11 54.17796325680000 -25.25587844850000 2.19419074059000 0.00893476232886 -0.01167395710950 -0.71465289592700 0.69932496547700
1600671970.31 54.15916061400000 -25.77942657470000 2.22668075562000 0.00819368660450 -0.01384869497270 -0.71513223648100 0.69880461692800
1600671970.51 54.14814758300000 -26.31106758120000 2.23404240608000 0.00794722419232 -0.01323828659950 -0.71487236022900 0.69908457994500
1600671970.71 54.11970520020000 -26.83983612060000 2.24804329872000 0.00930335279554 -0.01313946768640 -0.71454739570600 0.69940328598000
1600671970.91 54.09801483150000 -27.36392974850000 2.26207542419000 0.00875559635460 -0.01439735386520 -0.71440964937200 0.69952529668800
1600671971.11 54.08799743650000 -27.90593147280000 2.27810835838000 0.00920735113323 -0.01396300923080 -0.71389621496200 0.70005261898000
1600671971.31 54.05524444580000 -28.43247795100000 2.30179357529000 0.01134255807850 -0.01609271578490 -0.71370577812200 0.70017129182800
1600671971.51 54.04583358760000 -28.94887733460000 2.32474422455000 0.01000780053440 -0.01647176221010 -0.71321171522100 0.70068407058700
1600671971.71 54.02219009400000 -29.46181488040000 2.33211731911000 0.01112251635640 -0.01772841811180 -0.71265125274700 0.70120692253100
1600671971.91 54.01361465450000 -30.01594543460000 2.33840298653000 0.01142721343790 -0.01691397279500 -0.71258413791700 0.70129001140600
1600671972.11 54.01965713500000 -30.59266662600000 2.34767460823000 0.01506774872540 -0.01139993593100 -0.71350693702700 0.70039486885100
1600671972.31 53.97547531130000 -31.12478637700000 2.38490772247000 0.01790404878560 -0.01661109551790 -0.71268063783600 0.70106542110400
1600671972.51 53.95300292970000 -31.64727211000000 2.39558482170000 0.02037474513050 -0.01867866516110 -0.71272671222700 0.70089745521500
1600671972.71 53.96197891240000 -32.14463806150000 2.44710588455000 0.01129911001770 -0.02218228578570 -0.71204853057900 0.70169246196700
1600671972.91 53.95839691160000 -32.67603302000000 2.43779373169000 0.00769172981381 -0.02225354127590 -0.71222186088600 0.70156025886500
1600671973.11 53.92815780640000 -33.18595886230000 2.45874190331000 0.00991721451283 -0.02496258355680 -0.71085774898500 0.70282483100900
1600671973.31 53.91725921630000 -33.71102523800000 2.47758698463000 0.01381794828920 -0.02258707396690 -0.71105444431300 0.70263999700500
1600671973.51 53.92522430420000 -34.20825195310000 2.48645186424000 0.01093166973440 -0.01904860883950 -0.71114265918700 0.70270943641700
1600671973.71 53.92088699340000 -34.68849563600000 2.52494215965000 0.01002159435300 -0.01989144273100 -0.70948076248200 0.70437341928500
1600671973.91 53.90834045410000 -35.23505783080000 2.52975082397000 0.01205841824410 -0.01686233095820 -0.70992910862000 0.70396816730500
1600671974.11 53.90355300900000 -35.74697494510000 2.54547524452000 0.01255645137280 -0.01605731621380 -0.70926874876000 0.70464611053500
1600671974.31 53.89065170290000 -36.25680541990000 2.55851006508000 0.01331578008830 -0.01652033813300 -0.70897042751300 0.70492285490000
1600671974.51 53.89085006710000 -36.75944137570000 2.57946324348000 0.01342065352950 -0.01691094785930 -0.70875060558300 0.70512932539000
1600671974.71 53.89431381230000 -37.23601913450000 2.59537935257000 0.01160320639610 -0.01639394275840 -0.70816040039100 0.70576685667000
1600671974.91 53.89135360720000 -37.72804260250000 2.62145519257000 0.01011248305440 -0.01726719364520 -0.70730823278400 0.70662403106700
1600671975.11 53.87913513180000 -38.20989608760000 2.63142180443000 0.01234048604970 -0.01767885312440 -0.70684528350800 0.70704042911500
1600671975.31 53.88437271120000 -38.69695281980000 2.65015387535000 0.01013402827080 -0.01659218408170 -0.70671951770800 0.70722687244400
1600671975.51 53.87724304200000 -39.18877410890000 2.66787099838000 0.01065752096470 -0.01707085035740 -0.70657730102500 0.70735156536100
1600671975.71 53.87120056150000 -39.65840911870000 2.67756223679000 0.01109647005800 -0.01813822239640 -0.70592111349100 0.70797204971300
1600671975.91 53.88014602660000 -40.15758132930000 2.69647789001000 0.01019028946760 -0.01700370013710 -0.70597726106600 0.70795792341200
1600671976.11 53.88111114500000 -40.62582397460000 2.70279574394000 0.00906801503152 -0.01625134050850 -0.70520484447500 0.70875990390800
1600671976.31 53.87105560300000 -41.09492111210000 2.74254465103000 0.00953292939812 -0.01910283789040 -0.70492398738900 0.70896506309500
1600671976.51 53.87031173710000 -41.56005096440000 2.74953126907000 0.01089606527240 -0.01904007047410 -0.70437747240100 0.70948725938800
1600671976.71 53.87430191040000 -42.00800323490000 2.75053572655000 0.00952492374927 -0.01799628324810 -0.70448762178400 0.70942562818500
1600671976.91 53.87757492070000 -42.45172500610000 2.78164505959000 0.00846083555371 -0.01870505511760 -0.70407682657200 0.70982736349100
1600671977.11 53.86845397950000 -42.91900253300000 2.79806590080000 0.01065409649160 -0.01812031120060 -0.70446819067000 0.70942473411600
1600671977.31 53.86799621580000 -43.37116241460000 2.80307984352000 0.01192184258250 -0.01765008084480 -0.70428740978200 0.70959532260900
1600671977.51 53.87277221680000 -43.82014083860000 2.84018993378000 0.01037703361360 -0.01759292371570 -0.70449769496900 0.70941323041900
1600671977.71 53.87404251100000 -44.26658630370000 2.83599686623000 0.01040371414270 -0.01682710647580 -0.70434999465900 0.70957833528500
1600671977.91 53.86712646480000 -44.73344039920000 2.85762357712000 0.01279424130920 -0.01732387021180 -0.70465451479000 0.70922410488100
1600671978.11 53.87752914430000 -45.14805603030000 2.86762666702000 0.01033012475820 -0.01708565652370 -0.70395839214300 0.70996075868600
1600671978.31 53.87720870970000 -45.59022140500000 2.88375449181000 0.01132359914480 -0.01712725311520 -0.70428693294500 0.70961874723400
1600671978.51 53.87955093380000 -46.03149795530000 2.88259744644000 0.01009078510110 -0.01592531800270 -0.70441198349000 0.70954126119600
1600671978.71 53.87741088870000 -46.43051528930000 2.91839146614000 0.01257487572730 -0.01747071184220 -0.70410943031300 0.70976603031200
1600671978.91 53.88289260860000 -46.86465072630000 2.91671824455000 0.01082550268620 -0.01696760766210 -0.70429110527000 0.70963132381400
1600671979.11 53.87627792360000 -47.30844497680000 2.92944836617000 0.01093111373480 -0.01603310927750 -0.70485621690800 0.70908534526800
1600671979.31 53.88347244260000 -47.71603012080000 2.96381378174000 0.01034357771280 -0.01625082828100 -0.70475089550000 0.70919442176800
1600671979.51 53.87620544430000 -48.14259338380000 2.97794342041000 0.01015904638920 -0.01639336347580 -0.70483255386400 0.70911204814900
1600671979.71 53.87717056270000 -48.59019088750000 2.96325826645000 0.01162143144760 -0.01454439014200 -0.70477235317200 0.70918941497800
1600671979.91 53.88415145870000 -48.99517440800000 2.99131417274000 0.01025726180520 -0.01521158032120 -0.70474159717600 0.70922702550900
1600671980.11 53.88325119020000 -49.40590667720000 3.01479244232000 0.00964158773422 -0.01493439637120 -0.70464372634900 0.70933991670600
1600671980.31 53.87823867800000 -49.81140899660000 3.03008031845000 0.00976749975234 -0.01630426011980 -0.70421463251100 0.70973449945400
1600671980.51 53.87871932980000 -50.23268508910000 3.02940607071000 0.00931383576244 -0.01591329462830 -0.70463210344300 0.70933473110200
1600671980.71 53.87465286250000 -50.65198898320000 3.04514789581000 0.01066141948100 -0.01545312628150 -0.70501679182100 0.70894384384200
1600671980.91 53.87964248660000 -51.07777404790000 3.07288813591000 0.01026320271190 -0.01520449202510 -0.70528978109400 0.70868200063700
1600671981.11 53.87552642820000 -51.50743865970000 3.06539011002000 0.01125910319390 -0.01526373904200 -0.70531028509100 0.70864611864100
1600671981.31 53.87920379640000 -51.90042114260000 3.10666012764000 0.00864531658590 -0.01722401566800 -0.70480579137800 0.70913904905300
1600671981.51 53.86873626710000 -52.33978652950000 3.09797835350000 0.01068741269410 -0.01770775020120 -0.70504391193400 0.70886403322200
1600671981.71 53.88020324710000 -52.75572586060000 3.11331939697000 0.00832950323820 -0.01650538854300 -0.70486003160500 0.70910698175400
1600671981.91 53.87462615970000 -53.15732955930000 3.14392876625000 0.00824683904648 -0.01718501187860 -0.70474433898900 0.70920622348800
1600671982.11 53.87253570560000 -53.56488800050000 3.14520192146000 0.00806761439890 -0.01758081279700 -0.70500612258900 0.70893937349300
1600671982.31 53.87083435060000 -53.94053268430000 3.17379522324000 0.00756680546328 -0.01953866332770 -0.70468282699600 0.70921397209200
1600671982.51 53.87774658200000 -54.38013458250000 3.17969655991000 0.00783651880920 -0.01743931509550 -0.70560038089800 0.70835220813800
1600671982.71 53.88068008420000 -54.78997802730000 3.18616294861000 0.00801523122936 -0.01621662825350 -0.70555192232100 0.70842778682700
1600671982.91 53.86884689330000 -55.19024658200000 3.20758533478000 0.01009610109030 -0.01732463203370 -0.70545929670300 0.70846736431100
1600671983.11 53.86810684200000 -55.60041046140000 3.22323846817000 0.00909678917378 -0.01771241985260 -0.70543175935700 0.70849889516800
1600671983.31 53.86652374270000 -56.02194213870000 3.23430943489000 0.00901756063104 -0.01688327640300 -0.70590347051600 0.70805007219300
1600671983.51 53.86092376710000 -56.41299819950000 3.23948073387000 0.00997378956527 -0.01728614792230 -0.70576339960100 0.70816785097100
1600671983.71 53.85950469970000 -56.83389282230000 3.25709891319000 0.01101631671190 -0.01712367683650 -0.70590841770200 0.70801156759300
1600671983.91 53.84622192380000 -57.23476791380000 3.28024077415000 0.01132881641390 -0.01742351241410 -0.70733082294500 0.70657795667600
1600671984.11 53.84978485110000 -57.64192962650000 3.29564118385000 0.01059893332420 -0.01659192331140 -0.70851051807400 0.70542627573000
1600671984.31 53.84558105470000 -58.04476547240000 3.31252503395000 0.00862255599350 -0.01728772185740 -0.71085095405600 0.70307880640000
1600671984.51 53.83012390140000 -58.47106170650000 3.34805822372000 0.01133603136990 -0.01788121089340 -0.71364152431500 0.70019334554700
1600671984.71 53.81647109990000 -58.88362121580000 3.34866738319000 0.01183051057160 -0.01807860285040 -0.71607428789100 0.69769030809400
1600671984.91 53.80269241330000 -59.29547882080000 3.35662412643000 0.00988485477865 -0.01833837106820 -0.71816480159800 0.69556951522800
1600671985.11 53.78544235230000 -59.71333312990000 3.35885143280000 0.00940727163106 -0.01742208935320 -0.72022390365600 0.69345957040800
1600671985.31 53.76591873170000 -60.13491058350000 3.36204528809000 0.00965655501932 -0.01564946398140 -0.72232002019900 0.69131529331200
1600671985.51 53.74237442020000 -60.53214645390000 3.39512395859000 0.00941788218915 -0.01656552031640 -0.72433620691300 0.68918454647100
1600671985.71 53.70701599120000 -60.94253921510000 3.41218996048000 0.01104779541490 -0.01736992783840 -0.72668761014900 0.68666255474100
1600671985.91 53.68225860600000 -61.36689758300000 3.41334533691000 0.01107592415060 -0.01585850492120 -0.72924637794500 0.68397897481900
1600671986.11 53.65405654910000 -61.76171112060000 3.42898058891000 0.00888089835644 -0.01661502383650 -0.73131507635100 0.68178009986900
1600671986.31 53.60928726200000 -62.17679214480000 3.45311522484000 0.00999341625720 -0.01691134832800 -0.73366540670400 0.67922753095600
1600671986.51 53.57188797000000 -62.59719848630000 3.46052622795000 0.01062196400020 -0.01616054587070 -0.73573070764500 0.67699825763700
1600671986.71 53.52952957150000 -63.01254272460000 3.48796963692000 0.01136003527790 -0.01645445823670 -0.73837548494300 0.67409372329700
1600671986.91 53.49241638180000 -63.42647171020000 3.48483395576000 0.01132733002310 -0.01583650708200 -0.74079066515000 0.67145377397500
1600671987.11 53.43495178220000 -63.83552551270000 3.51583576202000 0.01111334934830 -0.01756134070460 -0.74436342716200 0.66745179891600
1600671987.31 53.39131927490000 -64.23484039310000 3.52628087997000 0.01058640796690 -0.01701242849230 -0.74772155284900 0.66371321678200
1600671987.51 53.34134674070000 -64.63199615480001 3.51883697510000 0.00904501043260 -0.01709914393720 -0.75171691179300 0.65920299291600
1600671987.71 53.27636337280000 -65.04824066160000 3.52760314941000 0.00891978293657 -0.01640024594960 -0.75601333379700 0.65428990125700
1600671987.91 53.19654083250000 -65.45293426510000 3.55832076073000 0.00932561885566 -0.01647601649170 -0.76099842786800 0.64847737550700
1600671988.11 53.12888717650000 -65.87349700930000 3.56816649437000 0.01037941686810 -0.01473483815790 -0.76585274934800 0.64276355505000
1600671988.31 53.03609085080000 -66.27010345460000 3.58777928352000 0.01187123265120 -0.01511021889750 -0.77127909660300 0.63620781898500
1600671988.51 52.94449615480000 -66.67919158940001 3.59924554825000 0.01129217073320 -0.01483532506970 -0.77645963430400 0.62989228963900
1600671988.71 52.85443115230000 -67.07636260990000 3.60513496399000 0.01076916325840 -0.01417681854220 -0.78184461593600 0.62321925163300
1600671988.91 52.76272964480000 -67.48049163819999 3.59521985054000 0.00904501415789 -0.01209118217230 -0.78739559650400 0.61626338958700
1600671989.11 52.64300155640000 -67.86808776860001 3.61872506142000 0.00899552181363 -0.01313797663900 -0.79314100742300 0.60883319377900
1600671989.31 52.52346801760000 -68.25301361080000 3.63603568077000 0.01027063839140 -0.01421905029570 -0.79849809408200 0.60174280405000
1600671989.51 52.37197494510000 -68.63682556150000 3.67350840569000 0.01104274950920 -0.01721002347770 -0.80531603097900 0.59249413013500
1600671989.71 52.24302673340000 -69.03680419920001 3.65961623192000 0.01064107473940 -0.01594098098580 -0.81176024675400 0.58367627859100
1600671989.91 52.11806869510000 -69.42140197750000 3.64283585548000 0.00936984550208 -0.01447896100580 -0.81830102205300 0.57453203201300
1600671990.11 51.96348190310000 -69.80272674560000 3.65726423264000 0.00956262834370 -0.01456218119710 -0.82427716255200 0.56591922044800
1600671990.31 51.78412246700000 -70.18367004389999 3.69057273865000 0.01107375789430 -0.01553390361370 -0.83166521787600 0.55495077371600
1600671990.51 51.60532379150000 -70.55228424070000 3.70142364502000 0.01086496841160 -0.01559228822590 -0.83982342481600 0.54252851009400
1600671990.71 51.42003631590000 -70.92850494379999 3.69863820076000 0.01110809855160 -0.01421376317740 -0.84796297550200 0.52974867820700
1600671990.91 51.20684814450000 -71.28937530520000 3.72316670418000 0.01333741191770 -0.01375860348340 -0.85668814182300 0.51547962427100
1600671991.11 50.99257278440000 -71.63407135010000 3.74070405960000 0.01394560188060 -0.01394496113060 -0.86609816551200 0.49948593974100
1600671991.31 50.77054595950000 -71.98619842530000 3.73355960846000 -0.01461890619250 0.01188161596660 0.87560576200500 -0.48265999555600
1600671991.51 50.51140594480000 -72.32970428470000 3.75062751770000 -0.01561939343810 0.01282705552880 0.88564622402200 -0.46392273902900
1600671991.71 50.24930191040000 -72.66777038570000 3.74496912956000 -0.01651560142640 0.01301238313320 0.89562892913800 -0.44430580735200
1600671991.91 49.97204589840000 -72.96987152100000 3.76761531830000 -0.01695044897500 0.01384436804800 0.90598309040100 -0.42275026440600
1600671992.11 49.68955230710000 -73.28315734860000 3.75118732452000 -0.01654542982580 0.01289260853080 0.91512542963000 -0.40262371301700
1600671992.51 49.05661773680000 -73.84183502200000 3.73876595497000 -0.01619711890820 0.01399069465700 0.93247926235200 -0.36059129238100
1600671992.71 48.75428009030000 -74.08943176270000 3.73191094398000 -0.01625353284180 0.01454636920240 0.94027477502800 -0.33971840143200
1600671992.91 48.41194915770000 -74.33622741700000 3.74236321449000 -0.01625285856430 0.01588739641010 0.94791424274400 -0.31771460175500
1600671993.11 48.04991149900000 -74.54727172849999 3.75031566620000 -0.01669209636750 0.01735449954870 0.95515179634100 -0.29513609409300
1600671993.31 47.70153427120000 -74.76882171630000 3.74296283722000 -0.01699783653020 0.01611352525650 0.96170121431400 -0.27309831976900
1600671993.51 47.32928466800000 -74.95490264890000 3.72458863258000 -0.01735845021900 0.01547490246590 0.96777278184900 -0.25075274705900
1600671993.71 46.96531295780000 -75.12004089360001 3.73525261879000 -0.01860811188820 0.01728660427030 0.97303706407500 -0.22924673557300
1600671994.11 46.20125961300000 -75.41803741459999 3.73073601723000 -0.01936677098270 0.01676633208990 0.98216050863300 -0.18629685044300
1600671994.31 45.82105255130000 -75.53178405760001 3.71828079224000 -0.02020950801670 0.01688183471560 0.98584926128400 -0.16555811464800
1600671994.51 45.45452117920000 -75.61458587650000 3.70149564743000 -0.02011532150210 0.01893547736110 0.98902153968800 -0.14517651498300
1600671994.71 45.07902526860000 -75.69446563720000 3.68881583214000 -0.02195419184860 0.02027925476430 0.99177902936900 -0.12443283200300
1600671994.91 44.72618484500000 -75.75596618650000 3.69651818275000 -0.02057308703660 0.02015367336570 0.99414414167400 -0.10416577011300
1600671995.11 44.34195709230000 -75.80622863770000 3.69107079506000 -0.02185534127060 0.02103493548930 0.99599385261500 -0.08412320911880
1600671995.31 43.92490386960000 -75.84835052490000 3.67438673973000 -0.02088733017440 0.02130120806400 0.99750441312800 -0.06402429938320
1600671995.51 43.54152297970000 -75.87075042719999 3.65572857857000 -0.02200706303120 0.02239900641140 0.99835199117700 -0.04804654419420
1600671995.71 43.17038345340000 -75.88457489010000 3.64368844032000 -0.02296120114620 0.02342411689460 0.99880403280300 -0.03626348078250
1600671995.91 42.84318923950000 -75.87741088870000 3.66825556755000 -0.02327406406400 0.02579865232110 0.99899357557300 -0.02849689498540
1600671996.11 42.42390060420000 -75.91291809080001 3.64983916283000 -0.02576960995790 0.02712272293870 0.99913060665100 -0.01853333413600
1600671996.31 42.08636474610000 -75.89640808110001 3.65174508095000 -0.02620233781640 0.02773760817950 0.99917757511100 -0.01376512646680
1600671996.51 41.74385070800000 -75.90315246580001 3.67326021194000 -0.02335861139000 0.02798996679480 0.99929350614500 -0.00935693923384
1600671996.91 41.07228469850000 -75.90231323240000 3.65963006020000 -0.01750745810570 0.02848115190860 0.99944084882700 -0.00370515673421
1600671997.11 40.75083923340000 -75.89459991459999 3.62317705154000 -0.01618657633660 0.02886400930580 0.99944996833800 -0.00262755667791
1600671997.31 40.39450454710000 -75.91148376460001 3.61813616753000 -0.01587199047210 0.02741124480960 0.99949991703000 -0.00048872141633
1600671997.51 40.05068206790000 -75.90821075440000 3.60280513763000 -0.01897784136240 0.02789983898400 0.99943089485200 -0.00005529430928
1600671997.71 39.73971939090000 -75.90686035160000 3.62773656845000 -0.01829332299530 0.02723363973200 0.99946165084800 -0.00028730390477
1600671997.91 39.37813949580000 -75.90099334720000 3.60444092751000 -0.02627667412160 0.02770786546170 0.99927127361300 -0.00059868971584
1600671998.11 39.01311874390000 -75.89956665040000 3.60647249222000 -0.02765087969600 0.02793439105150 0.99922734499000 0.00009738135122
1600671998.31 38.66564178470000 -75.90287017820000 3.59209275246000 -0.02868150360880 0.02680791355670 0.99922913312900 0.00036862323759
1600671998.51 38.31765747070000 -75.89680480960000 3.59996533394000 -0.02757056057450 0.02654630690810 0.99926739931100 0.00046068135998
1600671998.71 37.94227600100000 -75.88401031490000 3.56892609596000 -0.02794118970630 0.02705333754420 0.99924331903500 0.00158603861928
1600671998.91 37.57357406620000 -75.88242340090000 3.56349182129000 -0.02425351552670 0.02765560336410 0.99932241439800 0.00161579903215
1600671999.11 37.19279479980000 -75.89194488530001 3.55922055244000 -0.02242076396940 0.02678498253230 0.99939030408900 0.00197529862635
1600671999.31 36.79539108280000 -75.88323211670000 3.54227972031000 -0.02253670804200 0.02638979442420 0.99939817190200 0.00180068414193
1600671999.51 36.38999938960000 -75.87393951420000 3.53279471397000 -0.02247673831880 0.02728898078200 0.99937540292700 0.00155008095317
1600671999.71 35.98123550420000 -75.87381744379999 3.52983021736000 -0.02226899936800 0.02705121599140 0.99938499927500 0.00179435964674
1600671999.91 35.57426834110000 -75.86680603030000 3.51503396034000 -0.02152229472990 0.02699616923930 0.99940252304100 0.00169776286930
1600672000.11 35.14920425420000 -75.86016082760000 3.50986194611000 -0.02056214399640 0.02757310308520 0.99940603971500 0.00218994636089
1600672000.31 34.71000289920000 -75.85655975340001 3.49795913696000 -0.01929330639540 0.02682138606910 0.99944990873300 0.00289448420517
1600672000.51 34.25682830810000 -75.84840393070000 3.47623682022000 -0.02010437846180 0.02698448486630 0.99942821264300 0.00353934615850
1600672000.71 33.80644607540000 -75.84561157230000 3.47004675865000 -0.02013551630080 0.02638377621770 0.99944400787400 0.00335573963821
1600672000.91 33.35271453860000 -75.83835601810000 3.47972011566000 -0.01956655085090 0.02657973580060 0.99944943189600 0.00342692481354
1600672001.11 32.87059402470000 -75.83426666260000 3.44758176804000 -0.02182484790680 0.02669820934530 0.99939864873900 0.00379352970049
1600672001.31 32.41568756100000 -75.82624053959999 3.44867968559000 -0.02055017091330 0.02660865150390 0.99943023920100 0.00306308106519
1600672001.51 31.95044517520000 -75.82338714600000 3.43378400803000 -0.02097275853160 0.02640534378590 0.99942755699200 0.00280091189779
1600672001.71 31.49732589720000 -75.81458282470000 3.43274211884000 -0.01995564624670 0.02628636918960 0.99945205450100 0.00253108073957
1600672001.91 31.03630256650000 -75.81433868409999 3.43494272232000 -0.01844195090230 0.02601994387810 0.99948865175200 0.00244346866384
1600672002.11 30.54991912840000 -75.81055450440000 3.41680240631000 -0.01938018575310 0.02617280371490 0.99946755170800 0.00226297765039
1600672002.31 30.08146286010000 -75.79914855960000 3.40729737282000 -0.01989815197890 0.02583301626150 0.99946719408000 0.00189553305972
1600672002.51 29.58364677430000 -75.80049133300000 3.38951253891000 -0.02128361351790 0.02618058584630 0.99942833185200 0.00222623907030
1600672002.71 29.12624931340000 -75.79627227780000 3.39522886276000 -0.02018968947230 0.02643471583720 0.99944627285000 0.00132282171398
1600672002.91 28.64306449890000 -75.79557800290000 3.38373088837000 -0.01993564888830 0.02597369626160 0.99946361780200 0.00124794931617
1600672003.11 28.15320014950000 -75.78768157960000 3.36880779266000 -0.02046290412550 0.02635960280900 0.99944269657100 0.00103761046194
1600672003.31 27.68628311160000 -75.77920532230000 3.36185431480000 -0.02018806524570 0.02642574347560 0.99944728612900 0.00083908980014
1600672003.51 27.21266365050000 -75.78489685060001 3.35021567345000 -0.02145442552860 0.02659111097460 0.99941664934200 0.00066945503932
1600672003.71 26.73296737670000 -75.77002716059999 3.36228871346000 -0.02105773054060 0.02723621763290 0.99940752983100 0.00094460567925
1600672003.91 26.26200675960000 -75.76679992680000 3.34730267525000 -0.02008479833600 0.02726522274320 0.99942737817800 0.00057025410933
1600672004.11 25.77466583250000 -75.76902771000000 3.34145855904000 -0.01882384903730 0.02771701291200 0.99944061040900 0.00098818005063
1600672004.31 25.23920440670000 -75.75656890870000 3.30865454674000 -0.01928503252570 0.02779501676560 0.99942606687500 0.00217632786371
1600672004.51 24.78407096860000 -75.75468444820000 3.31355738640000 -0.01892962865530 0.02781915850940 0.99943357706100 0.00109124276787
1600672004.71 24.30643463130000 -75.75773620610001 3.30153322220000 -0.01788714341820 0.02652565203610 0.99948954582200 0.00032292419928
1600672004.91 23.80452728270000 -75.74383544920001 3.29771137238000 -0.01802486926320 0.02725075930360 0.99946624040600 0.00039106095210
1600672005.11 23.31003952030000 -75.73841857910000 3.28251075745000 -0.01837631873790 0.02752114459870 0.99945211410500 0.00074568105629
1600672005.31 22.82933044430000 -75.74054718020000 3.27938151360000 -0.01825664564970 0.02711009047930 0.99946647882500 0.00034330846392
1600672005.51 22.34030532840000 -75.73592376710000 3.27735686302000 -0.01799467206000 0.02640409767630 0.99948960542700 0.00091180513846
1600672005.71 21.85838890080000 -75.72804260250000 3.27764129639000 -0.01862807571890 0.02744555473330 0.99944972991900 0.00073578685988
1600672005.91 21.37328529360000 -75.73110961910000 3.27609705925000 -0.01832516863940 0.02668767049910 0.99947667121900 0.00041983646224
1600672006.11 20.85622596740000 -75.71886444090001 3.25691008568000 -0.01897557266060 0.02705840952690 0.99945318698900 0.00139322213363
1600672006.31 20.38045883180000 -75.71795654300000 3.25206804276000 -0.01846653595570 0.02680748514830 0.99946987628900 0.00085313461022
1600672006.51 19.86887359620000 -75.72054290769999 3.24935317039000 -0.01833495683970 0.02664098516110 0.99947679042800 0.00100867450237
1600672006.71 19.37351799010000 -75.71945190430000 3.24148440361000 -0.01870816200970 0.02612654119730 0.99948430061300 0.00069808698027
1600672006.91 18.89101409910000 -75.71096801760000 3.22259998322000 -0.01918745785950 0.02566500008110 0.99948656559000 0.00038619973930
1600672007.11 18.40684509280000 -75.70918273930000 3.22040247917000 -0.02055494673550 0.02565581910310 0.99945986270900 0.00026741676265
1600672007.31 17.92630958560000 -75.71162414550000 3.23226833344000 -0.02025297284130 0.02620746940370 0.99945133924500 0.00063551554922
1600672007.51 17.42447853090000 -75.69408416749999 3.20398473740000 -0.02046114206310 0.02655493095520 0.99943828582800 0.00113636220340
1600672007.71 16.92428779600000 -75.69224548340000 3.19671344757000 -0.02030117064710 0.02661897428330 0.99943947792100 0.00120274652727
1600672007.91 16.43849754330000 -75.69387054440000 3.19997596741000 -0.01913248188790 0.02623812668030 0.99947255849800 0.00115243345499
1600672008.11 15.94243144990000 -75.68636322019999 3.18087029457000 -0.01944311149420 0.02680369652810 0.99945127964000 0.00090802938212
1600672008.31 15.42922782900000 -75.68125915530000 3.17507290840000 -0.01959141902630 0.02631140127780 0.99946200847600 0.00103361217771
1600672008.51 14.93747043610000 -75.68189239500001 3.16849899292000 -0.01957194507120 0.02566946670410 0.99947917461400 0.00055001128931
1600672008.71 14.43683815000000 -75.67042541500000 3.15860056877000 -0.02085455879570 0.02677898108960 0.99942451715500 0.00059456448071
1600672008.91 13.92448425290000 -75.67141723630000 3.14957809448000 -0.02173594012860 0.02729020826520 0.99939107894900 0.00113045016769
1600672009.11 13.43910503390000 -75.66722106930000 3.13497519493000 -0.02122477814560 0.02602411247790 0.99943608045600 0.00091506523313
1600672009.31 12.94495868680000 -75.65723419190000 3.13500833511000 -0.02090713940560 0.02671011909840 0.99942451715500 0.00105621153489
1600672009.51 12.44379234310000 -75.66170501710000 3.13287520409000 -0.02048973180350 0.02764229103920 0.99940770864500 0.00110493903048
1600672009.71 11.92740249630000 -75.66188812260000 3.11765313148000 -0.02030335366730 0.02627490460870 0.99944829940800 0.00127624475863
1600672009.91 11.41668701170000 -75.64983367920000 3.10159111023000 -0.02002712339160 0.02544853277500 0.99947476387000 0.00137559697032
1600672010.11 10.91894721980000 -75.65000152590000 3.09711408615000 -0.01986354403200 0.02557862177490 0.99947535991700 0.00086985091912
1600672010.31 10.40868282320000 -75.65236663819999 3.09720611572000 -0.02003024145960 0.02592828124760 0.99946331977800 0.00092789047631
1600672010.71 9.39962673187000 -75.64292907710001 3.06248331070000 -0.02151921018960 0.02499176561830 0.99945682287200 0.00107429164927
1600672010.91 8.88792037964000 -75.64477539060000 3.05839014053000 -0.02117205411200 0.02483120560650 0.99946838617300 0.00091875373619
1600672011.11 8.37033081055000 -75.62744903559999 3.04963874817000 -0.02202667854730 0.02589701116090 0.99942159652700 0.00118190154899
1600672011.31 7.84875583649000 -75.62951660160000 3.04124164581000 -0.02254998125140 0.02586805820470 0.99941307306300 0.00139772391412
1600672011.51 7.31771230698000 -75.63221740720000 3.02487397194000 -0.02320653758940 0.02508206851780 0.99941611290000 0.00143145851325
1600672011.71 6.79883050919000 -75.62149047849999 3.00736546516000 -0.02255081385370 0.02550061233340 0.99941998720200 0.00130432506558
1600672011.91 6.28006601334000 -75.61641693120001 3.00825333595000 -0.02125898189840 0.02600714564320 0.99943572282800 0.00098793709185
1600672012.11 5.75246143341000 -75.61760711670000 3.00321865082000 -0.01992004737260 0.02561899274590 0.99947488308000 0.00077921518823
1600672012.31 5.21367120743000 -75.60230255130000 2.98717594147000 -0.02026348374780 0.02623991854490 0.99944978952400 0.00123699277174
1600672012.51 4.69853210449000 -75.59444427490000 2.97302842140000 -0.02145458757880 0.02795325219630 0.99937933683400 0.00094213581178
1600672012.91 3.64447283745000 -75.59274291990000 2.95045804977000 -0.02068505436180 0.02706764638420 0.99942022562000 0.00073574436829
1600672013.11 3.11343216896000 -75.58415985110000 2.94442820549000 -0.02035311423240 0.02811084315180 0.99939805269200 0.00050807453226
1600672013.31 2.55784082413000 -75.58010101319999 2.93726682663000 -0.02077391557400 0.02824616804720 0.99938499927500 0.00062775734113
1600672013.51 2.02509284019000 -75.57473754880000 2.93101429939000 -0.02148594520990 0.02951494231820 0.99933362007100 0.00033495388925
1600672013.71 1.48968672752000 -75.57213592530000 2.91684603691000 -0.02243471145630 0.02873643301430 0.99933671951300 -0.00033472263021
1600672013.91 0.96305841207500 -75.56986236570000 2.90583372116000 -0.02185556292530 0.02895500138400 0.99934184551200 -0.00085485691670
1600672014.11 0.40576520562200 -75.55929565430000 2.89288640022000 -0.02215162850920 0.02937725558880 0.99932354688600 -0.00036069800262
1600672014.31 -0.12747289240400 -75.56613922120000 2.88434720039000 -0.02154377661650 0.02803564071660 0.99937474727600 -0.00067173386924
1600672014.51 -0.66532462835300 -75.55546569820000 2.86211419106000 -0.02139822579920 0.02802338637410 0.99937814474100 -0.00070325419074
1600672014.71 -1.20034515858000 -75.56086730960000 2.85737037659000 -0.02112160995600 0.02705550193790 0.99941104650500 -0.00092295324430
1600672014.91 -1.75820672512000 -75.56108856199999 2.86257648468000 -0.02002512104810 0.02684821002190 0.99943983554800 -0.00058483902831
1600672015.11 -2.30476284027000 -75.56076049799999 2.84688687325000 -0.01974377222360 0.02645849809050 0.99945592880200 -0.00105938245542
1600672015.31 -2.86011052132000 -75.56063842770000 2.82081747055000 -0.02049670927230 0.02591762132940 0.99945408105900 -0.00115167093463
1600672015.71 -3.93552279472000 -75.56263732910000 2.81342673302000 -0.01911070756610 0.02517228014770 0.99950021505400 -0.00188622146379
1600672015.91 -4.47482824326000 -75.56201934809999 2.80239677429000 -0.01921373419460 0.02540976554160 0.99949121475200 -0.00170985038858
1600672016.11 -5.02512598038000 -75.56265258790000 2.79365062714000 -0.01905723474920 0.02459657751020 0.99951487779600 -0.00172614061739
1600672016.31 -5.56001281738000 -75.57061004640001 2.79494881630000 -0.01936911419030 0.02453388273720 0.99951070547100 -0.00183454458602
1600672016.51 -6.10762071609000 -75.56494903559999 2.79874038696000 -0.01940026134250 0.02465825155380 0.99950706958800 -0.00137477065437
1600672016.71 -6.67023944855000 -75.56473541260000 2.77031111717000 -0.02003175020220 0.02308046445250 0.99953299760800 -0.00122022617143
1600672016.91 -7.21401500702000 -75.56278991700000 2.76409745216000 -0.02040096931160 0.02297316677870 0.99952763319000 -0.00099035177846
1600672017.11 -7.76309680939000 -75.55969238279999 2.75978922844000 -0.01941318064930 0.02337496727710 0.99953860044500 -0.00099495856557
1600672017.51 -8.83711338043000 -75.55293273930000 2.73033380508000 -0.01947720907630 0.02419167384510 0.99951881170300 -0.00129930814728
1600672017.71 -9.36709499359000 -75.55700683590000 2.72636079788000 -0.01973287947480 0.02386091835800 0.99951982498200 -0.00144517747685
1600672017.91 -9.90558624268000 -75.55617523190000 2.72233843803000 -0.01981527358290 0.02360845170920 0.99952423572500 -0.00145473913290
1600672018.11 -10.43996810910000 -75.54451751710000 2.71693730354000 -0.02009659819300 0.02460063248870 0.99949502944900 -0.00109117722604
1600672018.31 -10.98723220830000 -75.54419708250001 2.70482611656000 -0.02005900442600 0.02485827542840 0.99949002265900 -0.00084489805158
1600672018.51 -11.52848148350000 -75.54899597169999 2.69477128983000 -0.01973150856790 0.02359441109000 0.99952691793400 -0.00098487827927
1600672018.71 -12.06960678100000 -75.54045867920000 2.69277501106000 -0.01972237415610 0.02553535997870 0.99947911500900 -0.00091722194338
1600672018.91 -12.61564636230000 -75.53826141360000 2.67784142494000 -0.01911705918610 0.02500317990780 0.99950450658800 -0.00097881932743
1600672019.31 -13.67688369750000 -75.53089904789999 2.67069792747000 -0.01892494224010 0.02555895037950 0.99949365854300 -0.00149971467908
1600672019.51 -14.20976638790000 -75.53443908689999 2.65322732925000 -0.01930538751180 0.02524349465970 0.99949467182200 -0.00174218753818
1600672019.71 -14.73519611360000 -75.53491973880000 2.64866924286000 -0.01892534643410 0.02486099302770 0.99951094389000 -0.00146477704402
1600672019.91 -15.26842880250000 -75.52484893800001 2.62870621681000 -0.01909444853660 0.02530393376950 0.99949818849600 -0.00143338053022
1600672020.11 -15.79172611240000 -75.53194427490000 2.62418127060000 -0.01809923350810 0.02462394535540 0.99953240156200 -0.00131179264281
1600672020.31 -16.32673454280000 -75.51582336430000 2.64156627655000 -0.01759355887770 0.02621122263370 0.99950128793700 -0.00110703741666
1600672020.71 -17.39330101010000 -75.51621246340000 2.60071229935000 -0.01797013357280 0.02489166334270 0.99952751398100 -0.00182079896331
1600672020.91 -17.92111587520000 -75.51374053959999 2.60366129875000 -0.01853442937140 0.02571646496650 0.99949640035600 -0.00171012047213
1600672021.11 -18.42268562320000 -75.51719665530000 2.60616827011000 -0.01857247948650 0.02442824840550 0.99952805042300 -0.00195829151198
1600672021.31 -18.93512535100000 -75.52313232420001 2.60015463829000 -0.01918998360630 0.02386092953380 0.99952805042300 -0.00256821815856
1600672021.51 -19.45970153810000 -75.51692962650000 2.57398128510000 -0.01918350346390 0.02357387915250 0.99953633546800 -0.00209694635123
1600672021.71 -19.96987342830000 -75.52397918699999 2.57234668732000 -0.01877183839680 0.02330181375150 0.99955034256000 -0.00207525491714
1600672022.11 -21.01091575620000 -75.51910400390000 2.56402921677000 -0.01868375949560 0.02384978905320 0.99954110384000 -0.00175742222928
1600672022.31 -21.52439880370000 -75.51784515380000 2.56073379517000 -0.02008272521200 0.02355707250540 0.99951905012100 -0.00193510926329
1600672022.51 -22.04166603090000 -75.51116943360000 2.53683280945000 -0.02057288214560 0.02382421866060 0.99950277805300 -0.00201821187511
1600672022.71 -22.55348968510000 -75.51792907710001 2.53011178970000 -0.02062384970490 0.02382938377560 0.99950182437900 -0.00239741918631
1600672023.11 -23.56430625920000 -75.51731872560001 2.52222061157000 -0.02024627476930 0.02427418157460 0.99950051307700 -0.00256579252891
1600672023.31 -24.08890533450000 -75.51143646240000 2.49915504456000 -0.02119406312700 0.02401328273120 0.99948477745100 -0.00221103173681
1600672023.51 -24.59410667420000 -75.51735687260000 2.49223756790000 -0.02264155633750 0.02453677542510 0.99944037199000 -0.00220580724999
1600672023.71 -25.12506484990000 -75.51015472410000 2.47813487053000 -0.02322277240460 0.02492261864240 0.99941772222500 -0.00212254608050
1600672023.91 -25.63112258910000 -75.51056671140000 2.47886919975000 -0.02322730422020 0.02482423745100 0.99942016601600 -0.00198388914578
1600672024.11 -26.15781211850000 -75.50487518310000 2.46291875839000 -0.02366191148760 0.02585324458780 0.99938493967100 -0.00193531904370
1600672024.31 -26.68495941160000 -75.51116943360000 2.44038200378000 -0.02397277019920 0.02548661455510 0.99938708543800 -0.00219443370588
1600672024.51 -27.19432449340000 -75.50927734379999 2.43995189667000 -0.02297732979060 0.02495001070200 0.99942338466600 -0.00236063357443
1600672024.91 -28.22897529600000 -75.50347137449999 2.42246294022000 -0.02141811326150 0.02626475319270 0.99942660331700 -0.00179278326686
1600672025.11 -28.74487876890000 -75.50118255620001 2.40363550186000 -0.02081398665900 0.02553243562580 0.99945837259300 -0.00130008778069
1600672025.31 -29.27266120910000 -75.49772644040000 2.39563274384000 -0.02024922333660 0.02556579373780 0.99947005510300 -0.00079344853293
1600672025.51 -29.79217529300000 -75.50271606450001 2.39221644402000 -0.01959536969660 0.02547459863130 0.99948614835700 -0.00068847800139
1600672025.71 -30.31898117070000 -75.49770355219999 2.37440037727000 -0.01905051432550 0.02560875192280 0.99949312210100 -0.00027485325700
1600672026.11 -31.35516357420000 -75.49420928959999 2.35846018791000 -0.01826851628720 0.02468326129020 0.99953329563100 -0.00007799760351
1600672026.31 -31.89686775210000 -75.48339080810000 2.35724925995000 -0.01897390186790 0.02522392943500 0.99950450658800 0.00038526160642
1600672026.51 -32.39284896850000 -75.48171997070000 2.35423612595000 -0.01932669058440 0.02432481758300 0.99951982498200 0.00022046407685
1600672026.71 -32.88939285280000 -75.48928070069999 2.33968782425000 -0.02009396255020 0.02318887785080 0.99953186512000 0.00019848119700
1600672026.91 -33.41566467290000 -75.48536682130000 2.32842516899000 -0.02045699767770 0.02330056205390 0.99951887130700 0.00065814930713
1600672027.11 -33.93629455570000 -75.46218109130000 2.32485389709000 -0.02078376710410 0.02380073443060 0.99949985742600 0.00169969757553
1600672027.31 -34.45209884640000 -75.46358489990000 2.32296371460000 -0.02113164402540 0.02441551350060 0.99947720766100 0.00188893661834
1600672027.71 -35.49415969850000 -75.46017456049999 2.29888558388000 -0.02159762755040 0.02373130060730 0.99948793649700 0.00199447316118
1600672027.91 -36.00371170040000 -75.45304870610001 2.30629587173000 -0.02059767395260 0.02392011694610 0.99950027465800 0.00199434976093
1600672028.11 -36.52813720700000 -75.44528198240000 2.28191566467000 -0.02061071433130 0.02367587760090 0.99950397014600 0.00263623846695
1600672028.31 -37.04028320310000 -75.43835449220001 2.26860070229000 -0.02114581875500 0.02380085922780 0.99949091672900 0.00258882041089
1600672028.51 -37.55968856810000 -75.43839263920000 2.26378750801000 -0.02112814597790 0.02391572669150 0.99948668479900 0.00289911753498
1600672028.91 -38.58324432370000 -75.41688537600000 2.24790620804000 -0.01966287009420 0.02387620322410 0.99951463937800 0.00396079802886
1600672029.11 -39.10391235350000 -75.40940093990000 2.23722672462000 -0.01880300976340 0.02386952191590 0.99952983856200 0.00438099075109
1600672029.51 -40.16412353520000 -75.40394592289999 2.21928763390000 -0.01903892681000 0.02242288179700 0.99955976009400 0.00480535207316
1600672029.71 -40.67141342160000 -75.39213562010001 2.22027039528000 -0.01866969652470 0.02270676940680 0.99955761432600 0.00456566736102
1600672029.91 -41.16951370240000 -75.39630889890000 2.22562909126000 -0.01833512634040 0.02337048016490 0.99954754114200 0.00473360437900
1600672030.11 -41.69223022460000 -75.38262939450000 2.19693589211000 -0.01883300021290 0.02291259542110 0.99954688549000 0.00516838952899
1600672030.51 -42.69175338750000 -75.35910034180000 2.18710970879000 -0.01859158650040 0.02277062833310 0.99953937530500 0.00799412466586
1600672030.71 -43.20148468020000 -75.35051727290001 2.18269324303000 -0.01911390759050 0.02237359434370 0.99949139356600 0.01245567481960
1600672030.91 -43.69935226440000 -75.32512664790001 2.17733621597000 -0.01909058727320 0.02175434492530 0.99939739704100 0.01924546994270
1600672031.11 -44.20356369020000 -75.29048156739999 2.18024277687000 -0.01897984743120 0.02188290096820 0.99919676780700 0.02771348319950
1600672031.31 -44.69513702390000 -75.24946594239999 2.17189502716000 -0.01963591016830 0.02220650762320 0.99885803461100 0.03747186064720
1600672031.71 -45.66840362550000 -75.13127899170000 2.15093755722000 -0.01962301321330 0.02214845083650 0.99792957305900 0.05711302161220
1600672031.91 -46.14719772340000 -75.05718994140000 2.13970756531000 -0.02046038024130 0.02185834571720 0.99714678525900 0.06930375099180
1600672032.11 -46.59329605100000 -74.99778747560001 2.13204479218000 -0.01921653188770 0.02022634446620 0.99613606929800 0.08329463005070
1600672032.51 -47.52120971680000 -74.76568603520001 2.10899114609000 -0.02077515423300 0.01984808035190 0.99253219366100 0.11855988204500
1600672032.71 -47.96158218380000 -74.64266204830000 2.09769940376000 -0.02090447954830 0.01948822848500 0.99000424146700 0.13813585043000
1600672033.11 -48.81273651120000 -74.31089019780001 2.07704973221000 -0.02107288315890 0.01851840876040 0.98293000459700 0.18187117576600
1600672033.31 -49.22474288940000 -74.11954498290000 2.06178522110000 -0.02130253240470 0.01794118061660 0.97850620746600 0.20432828366800
1600672033.71 -49.97903442380000 -73.70185852050000 2.03926372528000 -0.02205794677140 0.01732607930900 0.96761709451700 0.25087681412700
1600672033.91 -50.32903289790000 -73.45749664310000 2.02499294281000 -0.02232361026110 0.01678087934850 0.96033602953000 0.27744802832600
1600672034.31 -50.97817993160000 -72.92025756840000 1.99184072018000 -0.02404111437500 0.01627665013070 0.94027251005200 0.33919963240600
1600672034.71 -51.52756500240000 -72.31008148190000 1.95862829685000 -0.02856175787750 0.01415848638860 0.91174072027200 0.40953284502000
1600672034.91 -51.74593353270000 -71.97457122800000 1.93997108936000 -0.02936148829760 0.01362495776270 0.89445739984500 0.44598290324200
1600672035.31 -52.09411239620000 -71.29248809809999 1.91128385067000 -0.02936709485950 0.01251141913240 0.85586374998100 0.51621943712200
1600672035.51 -52.22853851320000 -70.93372344970000 1.88639616966000 -0.03092761151490 0.01170912384990 0.83363479375800 0.55132734775500
1600672035.90 -52.39028549190000 -70.20192718510000 1.85421884060000 -0.03342996165160 0.01210994273420 0.78608715534200 0.61709243059200
1600672036.11 -52.42427825930000 -69.81790161130000 1.83448660374000 -0.03292059525850 0.01211931370200 0.76134896278400 0.64739286899600
1600672036.51 -52.42343139650000 -69.08014678959999 1.80903077126000 -0.03056227602060 0.01114116795360 0.71674370765700 0.69657981395700
1600672036.71 -52.39980697630000 -68.69468688960001 1.78907537460000 -0.03084697201850 0.01056276075540 0.69721555709800 0.71612328290900
1600672036.91 -52.36453628540000 -68.31877899170000 1.76952648163000 -0.03038405813280 0.01140998955820 0.68190139532100 0.73073166608800
1600672037.31 -52.25057983400000 -67.59816741940000 1.76219868660000 -0.02735991030930 0.01296257879590 0.66537004709200 0.74590659141500
1600672037.71 -52.14857864380000 -66.80355072019999 1.72405266762000 -0.02641054987910 0.01474523358050 0.66540104150800 0.74587965011600
1600672037.91 -52.10464096070000 -66.39598846440001 1.70317864418000 -0.02592919394370 0.01382912602280 0.66970103979100 0.74205034971200
1600672038.11 -52.06982803340000 -65.96616363530001 1.69645059109000 -0.02631646580990 0.01353322342040 0.67380195856100 0.73831963539100
1600672038.31 -52.03603744510000 -65.54734039310000 1.69049680233000 -0.02631160430610 0.01364637911320 0.67633777856800 0.73599505424500
1600672038.51 -51.99671936040000 -65.12239837650000 1.67763590813000 -0.02568808570500 0.01378824189310 0.67767912149400 0.73478114604900
1600672038.91 -51.91986465450000 -64.22349548340000 1.64381682873000 -0.02630474604670 0.01374593470250 0.68135350942600 0.73136454820600
1600672039.11 -51.88973236080000 -63.78680419920000 1.63192939758000 -0.02580826543270 0.01460230536760 0.68450826406500 0.72840499877900
1600672039.31 -51.85739898680000 -63.34410476680000 1.62284851074000 -0.02498577162620 0.01457038242370 0.68674576282500 0.72632884979200
1600672039.50 -51.85048294070000 -62.89371109010000 1.59396302700000 -0.02604546397920 0.01324579212810 0.68940079212200 0.72379237413400
1600672039.91 -51.80472564700000 -61.95333862300000 1.57035839558000 -0.02603647671640 0.01283917669210 0.69177103042600 0.72153562307400
1600672040.11 -51.78416824340000 -61.47897720340000 1.55148017406000 -0.02618545852600 0.01296618487690 0.69104719162000 0.72221982479100
1600672040.31 -51.75872421260000 -61.01035690310000 1.53900444508000 -0.02546756155790 0.01262311171740 0.69088935852100 0.72240281105000
1600672040.51 -51.73521804810000 -60.54887390140000 1.51661264896000 -0.02541965618730 0.01293600630020 0.69248992204700 0.72086399793600
1600672040.91 -51.69750213620000 -59.61280822750000 1.49455368519000 -0.02557542920110 0.01285644248130 0.69385778904000 0.71954458952000
1600672041.10 -51.67713928220000 -59.14607238770000 1.47197091579000 -0.02581591904160 0.01319459825750 0.69499236345300 0.71843248605700
1600672041.31 -51.65402603150000 -58.68753814700000 1.46702158451000 -0.02546828985210 0.01325698290020 0.69543486833600 0.71801632642700
1600672041.51 -51.63800811770000 -58.22211456300000 1.45092296600000 -0.02569901570680 0.01275849156080 0.69551962614100 0.71793615818000
1600672041.71 -51.61891555790000 -57.76462173460000 1.43816256523000 -0.02607232332230 0.01273984275760 0.69570708274800 0.71774339675900
1600672042.11 -51.59048461910000 -56.86026763920000 1.40980005264000 -0.02571854367850 0.01254890859130 0.69608676433600 0.71739304065700
1600672042.31 -51.57503509520000 -56.42206954960000 1.39890158176000 -0.02618052251640 0.01265029702340 0.69597685337100 0.71747630834600
1600672042.71 -51.53538894650000 -55.58341217040000 1.37565386295000 -0.02543141134080 0.01296034269030 0.69540321826900 0.71805530786500
1600672042.90 -51.52264022830000 -55.17658233640000 1.35682463646000 -0.02607030794020 0.01342419162390 0.69487571716300 0.71853274107000
1600672043.11 -51.50066375730000 -54.79034042360000 1.34711670876000 -0.02598862908780 0.01373383309690 0.69453608989700 0.71885752677900
1600672043.31 -51.48369979860000 -54.41889953610000 1.33665490150000 -0.02501938305800 0.01384158339350 0.69428175687800 0.71913647651700
1600672043.51 -51.47069168090000 -54.04439163210000 1.32857322693000 -0.02527994476260 0.01344950217750 0.69404238462400 0.71936643123600
1600672043.71 -51.45243453980000 -53.66738891600000 1.30666983128000 -0.02497424557810 0.01377818360920 0.69383996725100 0.71956443786600
1600672043.91 -51.43442916870000 -53.32027816770000 1.30473566055000 -0.02365300245580 0.01331744156780 0.69358497858000 0.71986365318300
1600672044.11 -51.41916656490000 -52.96760940550000 1.29000616074000 -0.02391606755550 0.01392429508270 0.69392037391700 0.71952039003400
1600672044.31 -51.40604400630000 -52.61211776730000 1.28229880333000 -0.02377649769190 0.01421561744060 0.69358265399900 0.71984499692900
1600672044.71 -51.36701583860000 -51.90622329710000 1.25439488888000 -0.02156544476750 0.01144708786160 0.69376808404900 0.71978485584300
1600672044.91 -51.34689712520000 -51.50080108640000 1.24061608315000 -0.02182291261850 0.01220582984390 0.69370287656800 0.71982753276800
1600672045.31 -51.31676101680000 -50.66912078860000 1.22145175934000 -0.02187805622820 0.01139283366500 0.69372969865800 0.71981441974600
1600672045.51 -51.29913330080000 -50.26903533940000 1.21534705162000 -0.02177224680780 0.01164197083560 0.69393742084500 0.71961188316300
1600672045.71 -51.28276062010000 -49.87458801270000 1.20581424236000 -0.02120460197330 0.01167272310700 0.69483858346900 0.71875858306900
1600672045.91 -51.25140380860000 -49.45793533330000 1.18364191055000 -0.02099539339540 0.01612055860460 0.69499391317400 0.71852910518600
1600672046.11 -51.21391677860000 -49.08190536500000 1.18359875679000 -0.01886025629940 0.01938805915420 0.69440239667900 0.71907913684800
1600672046.31 -51.21089553830000 -48.69892883300000 1.17588078976000 -0.02011377550660 0.01813270896670 0.69477730989500 0.71871697902700
1600672046.71 -51.22274398800000 -47.98022460940000 1.16975760460000 -0.02212977595630 0.00923549849540 0.69791078567500 0.71578699350400
1600672046.91 -51.18708419800000 -47.65139770510000 1.14564669132000 -0.01726182736460 0.00927677843720 0.69972532987600 0.71414321661000
1600672047.11 -51.18215942380000 -47.27877426150000 1.13617599010000 -0.01730605028570 0.01205796003340 0.70232284069100 0.71154755353900
1600672047.31 -51.19388580320000 -46.91296386720000 1.13568472862000 -0.02230181731280 0.01331392303110 0.70365589857100 0.71007001400000
1600672047.71 -51.21522903440000 -46.27209472660000 1.12136757374000 -0.02263352461160 0.01122776884590 0.71540719270700 0.69825881719600
1600672047.91 -51.21646881100000 -45.95075225830000 1.11098015308000 -0.02187662012880 0.01207581069320 0.71991807222400 0.69360959529900
1600672048.11 -51.23675155640000 -45.62471008300000 1.10115110874000 -0.02214551903310 0.01237391121690 0.72515451908100 0.68811947107300
1600672048.30 -51.26163864140000 -45.29616928100000 1.09271132946000 -0.02188524976370 0.01247063092890 0.72948628664000 0.68353199958800
1600672048.71 -51.32347488400000 -44.61773681640000 1.07686531544000 -0.02094343490900 0.01255667954680 0.73904895782500 0.67321008443800
1600672048.91 -51.35790252690000 -44.24840164180000 1.06578421593000 -0.02127131819730 0.01325200125580 0.74361419677700 0.66813921928400
1600672049.11 -51.39960861210000 -43.88938903810000 1.05993366241000 -0.02142880484460 0.01400366332380 0.74745267629600 0.66382271051400
1600672049.31 -51.45433425900000 -43.52082824710000 1.04276442528000 -0.02215013466780 0.01361358631400 0.75023519992800 0.66066098213200
1600672049.51 -51.50078582760000 -43.13586807250000 1.03906953335000 -0.02195287682120 0.01366026327010 0.75107258558300 0.65971589088400
1600672049.91 -51.58615875240000 -42.36070632930000 1.00188958645000 -0.02209478244190 0.01431656163190 0.75054544210400 0.66029506921800
1600672050.11 -51.60558319090000 -41.94436645510000 0.98917990922900 -0.01998232863840 0.02271223999560 0.74956643581400 0.66123968362800
1600672050.31 -51.67444229130000 -41.54136657710000 0.99472576379800 -0.02104427292940 0.02036468498410 0.74878543615300 0.66217058897000
1600672050.71 -51.77622604370000 -40.70741653440000 0.96153014898300 -0.01980658806860 0.01336971204730 0.74643051624300 0.66504192352300
1600672050.91 -51.78315353390000 -40.30535888670000 0.93535280227700 -0.01276145223530 0.01562461256980 0.74429953098300 0.66754394769700
1600672051.11 -51.83516311650000 -39.87856674190000 0.93800026178400 -0.01794680021700 0.01588174887000 0.74189984798400 0.67008531093600
1600672051.51 -51.92170715330000 -39.05484771730000 0.91274440288500 -0.02002770826220 0.01254669018090 0.73829984664900 0.67405873537100
1600672051.70 -51.94890213010000 -38.63119506840000 0.90828514099100 -0.01875883899630 0.01420673634860 0.73647725582100 0.67605429887800
1600672051.90 -51.99586105350000 -38.18091583250000 0.89943373203300 -0.02044062688950 0.01411921437830 0.73433697223700 0.67833214998200
1600672052.11 -52.03153991700000 -37.73159027100000 0.88001215457900 -0.02185028977690 0.01389691513030 0.73292630910900 0.67981767654400
1600672052.51 -52.07031631470000 -36.77973175050000 0.86902761459400 -0.01831373758610 0.01497901603580 0.72951894998600 0.68355584144600
1600672052.71 -52.10049819950000 -36.28269577030000 0.84944057464600 -0.01854772679510 0.01437008846550 0.72770017385500 0.68550074100500
1600672053.11 -52.14132308960000 -35.27245330810000 0.80565989017500 -0.01821016147730 0.01457425113770 0.72465872764600 0.68872004747400
1600672053.31 -52.16314315800000 -34.77711105350000 0.81160396337500 -0.01781484112140 0.01393182203170 0.72289341688200 0.69059032201800
1600672053.51 -52.17500305180000 -34.24991226200000 0.79629182815600 -0.01684029772880 0.01463873311880 0.72143399715400 0.69212377071400
1600672053.91 -52.20468521120000 -33.17565155030000 0.76947391033200 -0.01633904129270 0.01326185837390 0.71655297279400 0.69721823930700
1600672054.31 -52.21795654300000 -32.06538009640000 0.75462067127200 -0.01732465997340 0.01481920294460 0.71204990148500 0.70175927877400
1600672054.51 -52.21985626220000 -31.50245857240000 0.73278278112400 -0.01807283796370 0.01430073473600 0.71023613214500 0.70358800888100
1600672054.71 -52.21783447270000 -30.95403099060000 0.72503918409300 -0.01712055318060 0.01464980933820 0.70844572782500 0.70540642738300
1600672055.11 -52.20049285890000 -29.85784530640000 0.69401329755800 -0.01769622229040 0.01488257385790 0.70403170585600 0.70979839563400
1600672055.31 -52.18339920040000 -29.29844856260000 0.68545162677800 -0.01703451946380 0.01531531754880 0.70253175497100 0.71128517389300
1600672055.71 -52.16960525510000 -28.16667747500000 0.65228301286700 -0.01913311518730 0.01764232106510 0.70311015844300 0.71060502529100
1600672055.91 -52.15677261350000 -27.60390090940000 0.63054704666100 -0.01869649626310 0.01790994964540 0.70339232683200 0.71033257246000
1600672056.11 -52.14499282840000 -27.01923751830000 0.61277997493700 -0.01845991984010 0.01838189363480 0.70343852043200 0.71027946472200
1600672056.31 -52.14208602910000 -26.46276092530000 0.59963726997400 -0.01839903369550 0.01840428076680 0.70437151193600 0.70935446023900
1600672056.71 -52.12583160400000 -25.36193656920000 0.57362020015700 -0.01882034726440 0.01816639304160 0.70487868785900 0.70884579420100
1600672056.91 -52.11907958980000 -24.82585525510000 0.55937784910200 -0.01855481788520 0.01844466850160 0.70527416467700 0.70845228433600
1600672057.10 -52.11884307860000 -24.29099464420000 0.54352378845200 -0.01818968355660 0.01814954541620 0.70516747236300 0.70857542753200
1600672057.51 -52.10182952880000 -23.22241592410000 0.51555490493800 -0.01730515807870 0.01821961812670 0.70545238256500 0.70831453800200
1600672057.71 -52.09403228760000 -22.68621063230000 0.49282833933800 -0.01658686064180 0.01950453966860 0.70511704683300 0.70862984657300
1600672058.11 -52.08847045900000 -21.63235855100000 0.47051751613600 -0.01766860112550 0.01877436600630 0.70628714561500 0.70746332407000
1600672058.31 -52.07924270630000 -21.13341712950000 0.45880332589100 -0.01601730287080 0.01712249219420 0.70657080411900 0.70725435018500
1600672058.71 -52.07396698000000 -20.11998558040000 0.43549185991300 -0.01744480989870 0.01859921030700 0.70720160007500 0.70655322074900
1600672058.90 -52.07259750370000 -19.61613655090000 0.43149933219000 -0.01703262887900 0.01942792907360 0.70667976141000 0.70706415176400
1600672059.10 -52.06761932370000 -19.12351608280000 0.42020070552800 -0.01666148938240 0.01914112083610 0.70693600177800 0.70682275295300
1600672059.51 -52.06855773930000 -18.12684440610000 0.37865117192300 -0.01737773418430 0.01686515100300 0.70738035440400 0.70642858743700
1600672059.71 -52.06598663330000 -17.64659690860000 0.35667538642900 -0.01813608780500 0.01778057403860 0.70832616090800 0.70542943477600
1600672059.91 -52.06833648680000 -17.15267753600000 0.35953763127300 -0.01798645034430 0.01696967519820 0.70930093526800 0.70447248220400
1600672060.31 -52.06973266600000 -16.21230125430000 0.33475881815000 -0.01754712499680 0.01718307286500 0.71054178476300 0.70323032140700
1600672060.51 -52.06928634640000 -15.76087856290000 0.31632423400900 -0.01763599552210 0.01787223108110 0.71141159534500 0.70232760906200
1600672060.70 -52.07512664790000 -15.30578422550000 0.30375057458900 -0.01709401980040 0.01798793673520 0.71181178093000 0.70193243026700
1600672061.11 -52.08444976810000 -14.40705204010000 0.28429275751100 -0.01674491353330 0.01726095378400 0.71319234371200 0.70055681467100
1600672061.31 -52.09485244750000 -13.95412158970000 0.27443584799800 -0.01631622761490 0.01751994527880 0.71402096748400 0.69971555471400
1600672061.51 -52.11302185060000 -13.51523208620000 0.27609443664600 -0.01692172884940 0.01726430654530 0.71474254131300 0.69896990060800
1600672061.71 -52.11853408810000 -13.07234001160000 0.25571304559700 -0.01758270896970 0.01810223050420 0.71539151668500 0.69826936721800
1600672062.11 -52.13567733760000 -12.20595264430000 0.23758986592300 -0.01790025644000 0.01822242327030 0.71691942215000 0.69668895006200
1600672062.31 -52.14937973020000 -11.80008983610000 0.22548827529000 -0.01775878854100 0.01752821169790 0.71750122308700 0.69611066579800
1600672062.50 -52.15733718870000 -11.37173366550000 0.21653400361500 -0.01764146797360 0.01744318567220 0.71781629324000 0.69579333066900
1600672062.70 -52.17604064940000 -10.94871044160000 0.19129633903500 -0.01824284531180 0.01760985702280 0.71835070848500 0.69522100687000
1600672063.11 -52.21452331540000 -10.11095237730000 0.19552461803000 -0.02068655565380 0.01574837975200 0.71885514259300 0.69467395544100
1600672063.31 -52.22949981690000 -9.69485950470000 0.16559813916700 -0.02209953032430 0.01496852375570 0.71895045042000 0.69454884529100
1600672063.71 -52.24874496460000 -8.87096691132000 0.15415705740500 -0.02135211788120 0.01511761546130 0.71822243928900 0.69532394409200
1600672063.91 -52.25968551640000 -8.47399234772000 0.12851938605300 -0.02204187773170 0.01514955423770 0.71704971790300 0.69651013612700
1600672064.10 -52.26898193360000 -8.06977081299000 0.11981582641600 -0.02153956331310 0.01531170401720 0.71604484319700 0.69755476713200
1600672064.50 -52.28356170650000 -7.28074693680000 0.10032552480700 -0.02121057175100 0.01514611206950 0.71176141500500 0.70193916559200
1600672064.71 -52.27814102170000 -6.87451601028000 0.08991671353580 -0.02080110833050 0.01526722777630 0.70764523744600 0.70609849691400
1600672065.11 -52.26073074340000 -6.07884740829000 0.06871133297680 -0.02014110423620 0.01498033851390 0.69893413782100 0.71474742889400
1600672065.31 -52.23442459110000 -5.67617177963000 0.04922312125560 -0.01940799131990 0.01598964259030 0.69467437267300 0.71888625621800
1600672065.51 -52.20609283450000 -5.28234958649000 0.03432055935260 -0.01942509599030 0.01643107645210 0.69061440229400 0.72277653217300
1600672065.90 -52.14721298220000 -4.49904203415000 0.02370459958910 -0.01885039173070 0.01670605503020 0.68394178152100 0.72910189628600
1600672066.10 -52.12072372440000 -4.10083818436000 -0.00892770197242 -0.02035992592570 0.01654138974850 0.68036037683500 0.73240953683900
1600672066.51 -52.03310775760000 -3.28017735481000 -0.03432084620000 -0.02006547525530 0.01762020774190 0.67310893535600 0.73906391859100
1600672066.91 -51.94226837160000 -2.46223735809000 -0.05319993197920 -0.02227038890120 0.01644916646180 0.66018956899600 0.75058889389000
1600672067.31 -51.78189849850000 -1.65860223770000 -0.07528937608000 -0.02086214907470 0.01515669375660 0.63871061801900 0.76901775598500
1600672067.70 -51.56934356690000 -0.82994467020000 -0.10521313548100 -0.02344489842650 0.01172741968180 0.60344827175100 0.79697167873400
1600672067.90 -51.40235519410000 -0.42132362723400 -0.11250358820000 -0.02260102517900 0.01299134548750 0.57912397384600 0.81482440233200
1600672068.31 -51.03003311160000 0.34241762757300 -0.13211831450500 -0.02314451523130 0.00932413339615 0.52298933267600 0.85198104381600
1600672068.71 -50.52002334590000 1.04753518105000 -0.14105790853500 -0.02190943807360 0.00784204620868 0.45677131414400 0.88928383588800
1600672068.91 -50.23884582520000 1.38353598118000 -0.15989442169700 -0.02354292385280 0.00611172663048 0.42325550317800 0.90568411350300
1600672069.31 -49.59325790410000 1.94875919819000 -0.14765046536900 -0.02318577468400 0.00588769325987 0.35517743229900 0.93449443578700
1600672069.70 -48.85244750980000 2.43294572830000 -0.16058659553500 -0.02219583466650 0.00496061285958 0.28886023163800 0.95710200071300
1600672069.91 -48.47470855710000 2.64972162247000 -0.15024180710300 -0.02175717428330 0.00403990363702 0.25718304514900 0.96610945463200
1600672070.31 -47.62287902830000 3.01571726799000 -0.14619204402000 -0.02287000417710 0.00634592538700 0.19219639897300 0.98106950521500
1600672070.51 -47.17584228520000 3.14675140381000 -0.14807300269600 -0.02409550920130 0.00820279214531 0.15895842015700 0.98695731163000
1600672070.71 -46.73741912840000 3.24424672127000 -0.14267794787900 -0.02452119626100 0.00693015754223 0.12476173788300 0.99186015129100
1600672071.11 -45.81672668460000 3.34985446930000 -0.13999614119500 -0.02379023469980 0.00741709535941 0.05307403206830 0.99828052520800
1600672071.50 -44.85509109500000 3.31337118149000 -0.11913818866000 -0.02316414006050 0.00510310381651 -0.01842294633390 0.99955004453700
1600672071.71 -44.39119338990000 3.25352859497000 -0.10230999440000 -0.02189145423470 0.00411393959075 -0.04919318482280 0.99854153394700
1600672072.11 -43.42468261720000 3.05225801468000 -0.07688026875260 -0.01934603042900 0.00462278025225 -0.09472552686930 0.99531507492100
1600672072.31 -42.93353271480000 2.93813729286000 -0.07847940921780 -0.01999015361070 0.00560939917341 -0.10742337256700 0.99401021003700
1600672072.91 -41.54832839970000 2.60176873207000 -0.04842746257780 -0.01540637295690 0.00277883070521 -0.11601570248600 0.99312573671300
1600672073.10 -41.07032394410000 2.48517870903000 -0.03479936718940 -0.01575342193250 0.00132373720407 -0.11726374924200 0.99297529459000
1600672073.51 -40.07791519170000 2.21679687500000 -0.01731044985350 -0.01119642332200 0.00359801109880 -0.11742416769300 0.99301290512100
1600672073.91 -39.09138107300000 1.97292423248000 -0.01980390213430 -0.00956259947270 0.00208010710776 -0.11183432489600 0.99367958307300
1600672074.11 -38.57401275630000 1.84288930893000 -0.00378034962341 -0.00746725825593 0.00277883582748 -0.10833071172200 0.99408328533200
1600672074.51 -37.54133987430000 1.61878287792000 0.01709329523150 -0.00647567724809 0.00401351554319 -0.09804635494950 0.99515539407700
1600672074.90 -36.49194717410000 1.40639340878000 0.02889934927230 -0.00469803949818 0.00352369691245 -0.08730477839710 0.99616599082900
1600672075.10 -35.95587158200000 1.31402313709000 0.03406484425070 -0.00461020134389 0.00386340776458 -0.08170461654660 0.99663954973200
1600672075.51 -34.84954452510000 1.14515280724000 0.05930740386250 -0.00475235562772 0.00347093166783 -0.07151862978940 0.99742239713700
1600672075.71 -34.29829406740000 1.07100117207000 0.07304747402670 -0.00632342975587 0.00236323988065 -0.06743733584880 0.99770063161800
1600672076.11 -33.16981506350000 0.91276901960400 0.09191077202560 -0.00512673612684 0.00288158492185 -0.06003254279490 0.99817985296200
1600672076.31 -32.60877990720000 0.85202449560200 0.09052161127330 -0.00517539633438 0.00372321158648 -0.05651257559660 0.99838155508000
1600672076.50 -32.05780410770000 0.78137958049800 0.11653648316900 -0.00668859714642 0.00189739698544 -0.05291516706350 0.99857550859500
1600672076.90 -30.94096946720000 0.65764200687400 0.10927070677300 -0.00555873895064 0.00224251253530 -0.04654478654270 0.99889922142000
1600672077.11 -30.40783882140000 0.61042475700400 0.13675965368700 -0.00623869150877 0.00147378782276 -0.04325526207690 0.99904376268400
1600672077.51 -29.34224319460000 0.52014780044600 0.18885810673200 -0.00421931454912 0.00017903841217 -0.03541132435200 0.99936407804500
1600672077.71 -28.80145835880000 0.48218572139700 0.18279646337000 -0.00353510491550 0.00159916619305 -0.03254343941810 0.99946296215100
1600672078.11 -27.76852035520000 0.40987432003000 0.19603891670700 -0.00462550250813 0.00384465395473 -0.02779285237190 0.99959826469400
1600672078.30 -27.24097251890000 0.39715948700900 0.21319307386900 -0.00421422813088 0.00367083912715 -0.02566670998930 0.99965703487400
1600672078.70 -26.17167854310000 0.32003071904200 0.22514113783800 -0.00504368869588 0.00423837034032 -0.02284373342990 0.99971812963500
1600672079.11 -25.10368728640000 0.28384068608300 0.23185920715300 -0.00525530707091 0.00537854759023 -0.01503713708370 0.99985903501500
1600672079.51 -24.07538414000000 0.25585564971000 0.25365999341000 -0.00475177774206 0.00555238593370 -0.00488234637305 0.99996203184100
1600672079.71 -23.55574226380000 0.25645795464500 0.26366788148900 -0.00577081786469 0.00491074007004 -0.00260998588055 0.99997210502600
1600672080.10 -22.49205398560000 0.23584343493000 0.27845677733400 -0.00519269332290 0.00606889510527 -0.00227381405421 0.99997055530500
1600672080.50 -21.42855262760000 0.24462167918700 0.28539714217200 -0.00705235498026 0.00425307871774 -0.00210359832272 0.99996501207400
1600672080.91 -20.36988830570000 0.23674531281000 0.30869928002400 -0.00751210935414 0.00406653387472 -0.00357178947888 0.99995827674900
1600672081.11 -19.85240936280000 0.21606366336300 0.31499335169800 -0.00758083071560 0.00369035499170 -0.00436226557940 0.99995517730700
1600672081.51 -18.80691528320000 0.20636160671700 0.33943182230000 -0.00863700360060 0.00425150711089 -0.00729319453239 0.99992823600800
1600672081.70 -18.31388092040000 0.19179244339500 0.34924411773700 -0.00842910166830 0.00460431305692 -0.00785692501813 0.99992316961300
1600672082.10 -17.29876136780000 0.15642939508000 0.36391055584000 -0.00867256242782 0.00332115520723 -0.01170765701680 0.99988895654700
1600672082.51 -16.29140090940000 0.10702153295300 0.37622550129900 -0.00759281916544 0.00402003433555 -0.01383317261930 0.99986863136300
1600672082.71 -15.80278015140000 0.08849581331010 0.38007432222400 -0.00801578257233 0.00393230328336 -0.01446550898250 0.99985593557400
1600672083.11 -14.83491134640000 0.05029438436030 0.38967406749700 -0.00682517234236 0.00414575496688 -0.01426807884130 0.99986720085100
1600672083.31 -14.36955070500000 0.03950023278590 0.38729348778700 -0.00731201469898 0.00438774237409 -0.01389873400330 0.99986720085100
1600672083.70 -13.46233558650000 -0.00440121348947 0.41939848661400 -0.00507880654186 0.00357379904017 -0.01254162564870 0.99990212917300
1600672084.10 -12.55069541930000 -0.03503008931880 0.42108386755000 -0.00327933859080 0.00423278659582 -0.01114636473360 0.99992400407800
1600672084.31 -12.08190822600000 -0.04884477704760 0.43442535400400 -0.00278343749233 0.00544018996879 -0.01072674151510 0.99992436170600
1600672084.71 -11.19812774660000 -0.08078762888910 0.44689139723800 -0.00184661161620 0.00597864156589 -0.00824417546391 0.99994659423800
1600672085.11 -10.34528636930000 -0.09310962259770 0.45804399251900 -0.00181838066783 0.00379841914400 -0.00568065745756 0.99997520446800
1600672085.30 -9.91697311401000 -0.09492969512940 0.47798153758000 -0.00139877421316 0.00353427883238 -0.00482838414609 0.99998146295500
1600672085.70 -9.04592514038000 -0.11002070456700 0.47199451923400 -0.00194540654775 0.00411273678765 -0.00357871968299 0.99998581409500
1600672086.11 -8.18391990662000 -0.12054209411100 0.46996593475300 -0.00215539732017 0.00371935078874 -0.00247220462188 0.99998968839600
1600672086.31 -7.74431276321000 -0.12247825413900 0.48409157991400 -0.00200488045812 0.00390314706601 -0.00180141348392 0.99998903274500
1600672086.71 -6.90684604645000 -0.14458565414000 0.48948937654500 -0.00055909279035 0.00342437461950 0.00031286268495 0.99999451637300
1600672087.10 -6.09502410889000 -0.14748424291600 0.50605779886200 -0.00148929678835 0.00346048898064 0.00135757680982 0.99999213218700
1600672087.30 -5.71328449249000 -0.14089940488300 0.52683806419400 -0.00132140202913 0.00320063414983 0.00192326714750 0.99999344348900
1600672087.71 -4.93285179138000 -0.14984799921500 0.53320628404600 -0.00144598749466 0.00284221838228 0.00177265633829 0.99999535083800
1600672088.11 -4.19150543213000 -0.13385303318500 0.54235506057700 -0.00291405431926 0.00231872010045 0.00264669815078 0.99999445676800
1600672088.31 -3.83228325844000 -0.13138309121100 0.54595822095900 -0.00453497422859 0.00373864104040 0.00374129973352 0.99997621774700
1600672088.51 -3.46856331825000 -0.15572506189300 0.56816786527600 -0.00025167959393 0.00568051077425 0.00295659783296 0.99998128414200
1600672089.10 -2.46373486519000 -0.11551541835100 0.55619913339600 -0.00606408342719 0.00741211930290 0.00236210692674 0.99995231628400
1600672089.30 -2.15001130104000 -0.12262092530700 0.54910594224900 -0.00513226166368 0.00542744714767 0.00349451019429 0.99996739625900
1600672089.71 -1.49923861027000 -0.14161591231800 0.58009964227700 -0.00427534384653 0.00643114279956 0.00198335363530 0.99996918439900
1600672090.11 -0.88300299644500 -0.15252940356700 0.59445917606400 -0.00413657771423 0.00407921383157 -0.00058244494721 0.99998706579200
1600672090.51 -0.28445973992300 -0.15653626620800 0.61791622638700 -0.00594631256536 0.00627160258591 -0.00215587392449 0.99996143579500
1600672090.90 0.25846797227900 -0.16282400488900 0.60792011022600 -0.00525507843122 0.00451063038781 -0.00084095651982 0.99997657537500
1600672091.31 0.80062508583100 -0.17377646267400 0.60468029975900 -0.00354266026989 0.00192391616292 0.00205092085525 0.99999088048900
1600672091.51 1.07929825783000 -0.16647940874100 0.59987992048300 -0.00489779375494 0.00544418347999 0.00208604941145 0.99997228384000
1600672091.91 1.52318537235000 -0.16585218906400 0.62350040674200 -0.00436983956024 0.00416427198797 0.00635919813067 0.99996191263200
1600672092.31 1.91960930824000 -0.15762680769000 0.63505303859700 -0.00596227822825 0.00464516784996 0.00902863778174 0.99993163347200
1600672092.50 2.09491443634000 -0.15163695812200 0.63275140523900 -0.00612805876881 0.00480930227786 0.00933082029223 0.99992763996100
