1598427498.097344 0.0075127 -0.0007933 0.0000082 -0.0000008 0.0000011 0.0000742 1.0000000
1598427498.197003 0.3464549 0.0058512 -0.0005811 -0.0000497 -0.0001488 0.0033606 0.9999943
1598427498.296509 0.8614054 -0.0077247 -0.0078408 -0.0000984 -0.0003878 0.0062982 0.9999801
1598427498.396120 1.3974057 0.0020272 -0.0040285 -0.0000145 -0.0015749 0.0289570 0.9995794
1598427498.496909 1.7422406 0.0119540 -0.0119744 -0.0002817 -0.0018778 0.0347485 0.9993943
1598427498.597758 2.1467093 0.0354474 -0.0016938 -0.0004101 -0.0017062 0.0377993 0.9992838
1598427498.698478 2.4922252 0.0659435 -0.0132394 -0.0006741 -0.0021441 0.0365332 0.9993299
1598427498.798118 2.8838933 0.0639426 -0.0245571 -0.0006115 -0.0029054 0.0330559 0.9994491
1598427498.897694 3.3038012 0.0687077 -0.0335443 -0.0005027 -0.0036142 0.0330663 0.9994465
1598427498.997315 3.6776727 0.1053943 -0.0399689 -0.0007785 -0.0046728 0.0328855 0.9994479
1598427499.096905 4.1528297 0.1164961 -0.0420530 -0.0008585 -0.0043930 0.0344121 0.9993977
1598427499.196550 4.5679199 0.1545512 -0.0415771 -0.0009242 -0.0043835 0.0376803 0.9992798
1598427499.297324 4.9746196 0.1707824 -0.0310128 -0.0010723 -0.0053663 0.0411940 0.9991362
1598427499.396946 5.3826641 0.2150929 -0.0056634 -0.0013249 -0.0056146 0.0456806 0.9989394
1598427499.497736 5.8201037 0.2261186 -0.0199435 -0.0015470 -0.0060472 0.0460351 0.9989203
1598427499.597322 6.2099572 0.2597024 -0.0279858 -0.0014999 -0.0066342 0.0484802 0.9988010
1598427499.698081 6.6180357 0.2938582 -0.0209857 -0.0015931 -0.0066595 0.0544296 0.9984941
1598427499.797715 7.0177894 0.3187553 -0.0432573 -0.0015521 -0.0077106 0.0535158 0.9985360
1598427499.897308 7.4362320 0.3545301 -0.0418500 -0.0017079 -0.0081679 0.0549370 0.9984550
1598427499.996944 7.8587244 0.3942409 -0.0368004 -0.0017199 -0.0087086 0.0581078 0.9982709
1598427500.096539 8.2760188 0.4432092 -0.0333110 -0.0018857 -0.0093360 0.0612696 0.9980758
1598427500.196118 8.6917380 0.4895039 -0.0352451 -0.0022063 -0.0098445 0.0647008 0.9978537
1598427500.296988 9.1093949 0.5459251 -0.0387316 -0.0024022 -0.0098953 0.0668200 0.9977131
1598427500.396523 9.5111989 0.5789811 -0.0343530 -0.0024012 -0.0110033 0.0672036 0.9976757
1598427500.497317 9.9349737 0.6210614 -0.0364432 -0.0025949 -0.0113024 0.0690000 0.9975493
1598427500.598120 10.3368136 0.6749569 -0.0309575 -0.0027102 -0.0118026 0.0696818 0.9974958
1598427500.698917 10.7604069 0.7206261 -0.0295883 -0.0028317 -0.0122781 0.0671594 0.9976627
1598427500.798524 11.1961191 0.7596249 -0.0385926 -0.0029840 -0.0124786 0.0635700 0.9978949
1598427500.898097 11.6097887 0.8076869 -0.0492236 -0.0033114 -0.0127409 0.0584607 0.9982029
1598427500.996556 12.0350351 0.8339922 -0.0383833 -0.0032044 -0.0133850 0.0358545 0.9992622
1598427501.096198 12.4480510 0.8506972 -0.0234747 -0.0029360 -0.0139663 0.0125827 0.9998190
1598427501.195794 12.8516934 0.8589536 -0.0247488 -0.0029613 -0.0144951 -0.0038767 0.9998830
1598427501.295319 13.2462413 0.8373700 -0.0222871 -0.0028658 -0.0151683 -0.0259179 0.9995449
1598427501.396080 13.6666231 0.8269068 -0.0004826 -0.0030788 -0.0149693 -0.0390993 0.9991185
1598427501.496922 14.0891637 0.7850513 0.0092768 -0.0032639 -0.0151321 -0.0480079 0.9987270
1598427501.597747 14.4736024 0.7355064 0.0117259 -0.0031515 -0.0163473 -0.0459749 0.9988039
1598427501.698555 14.8813976 0.6825845 0.0194489 -0.0035419 -0.0166873 -0.0332460 0.9993016
1598427501.798088 15.3399874 0.6342241 0.0241125 -0.0042325 -0.0168215 -0.0210969 0.9996270
1598427501.897791 15.7652673 0.6057331 0.0433712 -0.0052070 -0.0160098 -0.0184467 0.9996881
1598427501.997345 16.2074196 0.5702607 0.0306423 -0.0058822 -0.0163696 -0.0133165 0.9997600
1598427502.096908 16.6582633 0.5418256 0.0311849 -0.0065080 -0.0164309 -0.0079012 0.9998126
1598427502.196544 17.1277337 0.5234553 0.0305260 -0.0063493 -0.0174689 -0.0130639 0.9997419
1598427502.296122 17.5887002 0.5026366 0.0172155 -0.0067519 -0.0178163 -0.0178050 0.9996599
1598427502.396898 18.0404807 0.4829993 0.0387583 -0.0062937 -0.0188920 -0.0226716 0.9995446
1598427502.496505 18.5038159 0.4720122 0.0491032 -0.0061785 -0.0196104 -0.0359095 0.9991435
1598427502.597341 18.9454495 0.4258794 0.0604079 -0.0062975 -0.0200939 -0.0513529 0.9984585
1598427502.698149 19.3674346 0.3317925 0.0709504 -0.0061978 -0.0202134 -0.0712125 0.9972371
1598427502.797684 19.8158008 0.2813504 0.0807740 -0.0058587 -0.0209090 -0.0830276 0.9963106
1598427502.898506 20.2740513 0.1936252 0.1139261 -0.0062704 -0.0205231 -0.0847881 0.9961679
1598427502.998144 20.7171425 0.0958243 0.1010513 -0.0065486 -0.0212154 -0.0818040 0.9964011
1598427503.096491 21.1605949 0.0121032 0.1072873 -0.0070837 -0.0211256 -0.0820672 0.9963777
1598427503.196096 21.6489490 -0.0261311 0.1254883 -0.0079946 -0.0189977 -0.0683093 0.9974513
1598427503.295753 22.0945315 -0.1192325 0.1283219 -0.0082626 -0.0189633 -0.0703638 0.9973069
1598427503.395285 22.4809923 -0.1619697 0.1329224 -0.0076697 -0.0224612 -0.0593711 0.9979538
1598427503.496220 22.9311088 -0.2321605 0.1397080 -0.0083530 -0.0214003 -0.0500874 0.9984806
1598427503.596924 23.4051410 -0.3007120 0.1475966 -0.0097456 -0.0169448 -0.0403619 0.9989939
1598427503.697741 23.8172656 -0.3368656 0.1539550 -0.0091160 -0.0213306 -0.0261714 0.9993883
1598427503.797321 24.2564048 -0.3828341 0.1609531 -0.0097077 -0.0207832 -0.0139358 0.9996397
1598427503.898120 24.7037388 -0.3982043 0.1681276 -0.0100265 -0.0206421 -0.0092395 0.9996940
1598427503.997706 25.1636298 -0.4110635 0.1906048 -0.0099658 -0.0207937 -0.0088666 0.9996948
1598427504.097332 25.6226201 -0.4291651 0.1923165 -0.0100892 -0.0220003 -0.0044132 0.9996973
1598427504.196921 26.0701652 -0.4458969 0.2132783 -0.0102464 -0.0226606 -0.0015058 0.9996896
1598427504.296576 26.5010627 -0.4475875 0.2270374 -0.0103154 -0.0222099 0.0048736 0.9996882
1598427504.396162 26.9205052 -0.4609379 0.2360678 -0.0105703 -0.0221101 0.0073346 0.9996728
1598427504.496897 27.3237975 -0.4497480 0.2441141 -0.0106527 -0.0227662 0.0001352 0.9996841
1598427504.596548 27.7339162 -0.4668859 0.2627150 -0.0104407 -0.0229195 -0.0068265 0.9996595
1598427504.697297 28.1358680 -0.4720344 0.2721178 -0.0106363 -0.0232437 -0.0058353 0.9996562
1598427504.796892 28.5581468 -0.5017765 0.2844249 -0.0105454 -0.0228366 -0.0169996 0.9995390
1598427504.897752 28.9749340 -0.5200612 0.2864187 -0.0104603 -0.0228623 -0.0287747 0.9992697
1598427504.997322 29.4041124 -0.5409807 0.3051391 -0.0107453 -0.0223639 -0.0269849 0.9993279
1598427505.096940 29.7815237 -0.5554974 0.3392234 -0.0105045 -0.0227131 -0.0285354 0.9992795
1598427505.196535 30.1866901 -0.6098451 0.3351655 -0.0102147 -0.0230450 -0.0358785 0.9990382
1598427505.296096 30.5491729 -0.6371957 0.3366907 -0.0103084 -0.0238398 -0.0426961 0.9987504
1598427505.396931 30.9742025 -0.6780800 0.3651663 -0.0103267 -0.0234835 -0.0483337 0.9985017
1598427505.496550 31.3921201 -0.7041620 0.3897170 -0.0107406 -0.0229766 -0.0398942 0.9988820
1598427505.597340 31.8014592 -0.7207133 0.4014595 -0.0112392 -0.0227531 -0.0290815 0.9992548
1598427505.696972 32.2490855 -0.7475302 0.4366682 -0.0112481 -0.0236602 -0.0332590 0.9991034
1598427505.797822 32.6991620 -0.7463845 0.4727442 -0.0123666 -0.0230443 -0.0094582 0.9996132
1598427505.897384 33.1254909 -0.7565547 0.4841210 -0.0129452 -0.0231209 0.0165680 0.9995116
1598427505.996947 33.5556554 -0.7378187 0.4900733 -0.0128785 -0.0233591 0.0094865 0.9995992
1598427506.096529 33.9856934 -0.7301001 0.5235151 -0.0125779 -0.0232718 0.0006284 0.9996499
1598427506.196111 34.4113778 -0.7573811 0.5457632 -0.0123700 -0.0236140 -0.0060766 0.9996261
1598427506.296968 34.8298177 -0.7611256 0.5654102 -0.0128046 -0.0245847 0.0079571 0.9995841
1598427506.396531 35.2595848 -0.7555942 0.5778128 -0.0127473 -0.0248336 -0.0009461 0.9996099
1598427506.497356 35.7235565 -0.6707373 0.6202669 -0.0136789 -0.0230407 0.0072466 0.9996147
1598427506.596937 36.1188295 -0.6931154 0.6312181 -0.0132704 -0.0230816 0.0064332 0.9996248
1598427506.697750 36.5413591 -0.7343606 0.6350915 -0.0128184 -0.0253327 0.0151606 0.9994819
1598427506.797344 36.9201822 -0.7631479 0.6348719 -0.0129240 -0.0250352 0.0248323 0.9992945
1598427506.896925 37.3213755 -0.7458800 0.6385465 -0.0128174 -0.0250328 0.0453558 0.9985749
1598427506.996499 37.7234651 -0.7375035 0.6387765 -0.0117049 -0.0247279 0.0690312 0.9972393
1598427507.096130 38.1078365 -0.6983084 0.6618663 -0.0092528 -0.0241635 0.0918957 0.9954324
1598427507.195726 38.4775277 -0.6218752 0.6640634 -0.0101941 -0.0248826 0.1179896 0.9926507
1598427507.296527 38.8601176 -0.5388055 0.6743336 -0.0096198 -0.0252654 0.1191276 0.9925108
1598427507.397368 39.2763353 -0.4587639 0.6759053 -0.0092772 -0.0247824 0.1148600 0.9930292
1598427507.498137 39.6698739 -0.3615342 0.6962866 -0.0096527 -0.0252897 0.1115442 0.9933907
1598427507.597751 40.0811383 -0.2768829 0.7128858 -0.0101372 -0.0264647 0.0920276 0.9953531
1598427507.698708 40.4995260 -0.2286418 0.7208677 -0.0087547 -0.0270050 0.0550364 0.9980807
1598427507.798124 40.9598379 -0.1631763 0.7495722 -0.0085985 -0.0268774 0.0224578 0.9993494
1598427507.897737 41.4044599 -0.1475065 0.7691872 -0.0074620 -0.0276128 0.0016041 0.9995896
1598427507.996124 41.8599527 -0.1449878 0.7918193 -0.0073170 -0.0279947 -0.0178817 0.9994213
1598427508.095719 42.3121031 -0.1835549 0.8043137 -0.0062611 -0.0272226 -0.0278442 0.9992219
1598427508.196569 42.7331600 -0.1977811 0.8218880 -0.0064912 -0.0275578 -0.0249854 0.9992868
1598427508.296170 43.1675082 -0.2151858 0.8418136 -0.0061797 -0.0275586 -0.0237983 0.9993178
1598427508.396981 43.6150622 -0.2420679 0.8537146 -0.0061073 -0.0270209 -0.0179953 0.9994542
1598427508.497733 44.0746915 -0.2712920 0.8813379 -0.0065774 -0.0272417 -0.0170763 0.9994614
1598427508.597336 44.5177922 -0.2865770 0.8888572 -0.0069466 -0.0284688 -0.0173998 0.9994191
1598427508.698120 44.9597425 -0.3095921 0.9034868 -0.0073882 -0.0296740 -0.0177883 0.9993740
1598427508.797733 45.4545066 -0.3247377 0.9153813 -0.0062354 -0.0277488 -0.0184887 0.9994245
1598427508.897337 45.9223971 -0.3424555 0.9316950 -0.0058677 -0.0276984 -0.0153825 0.9994807
1598427508.996962 46.3925680 -0.3688111 0.9484532 -0.0057731 -0.0276842 -0.0129496 0.9995162
1598427509.096586 46.8805988 -0.3945351 0.9710827 -0.0054230 -0.0277377 -0.0126002 0.9995211
1598427509.196122 47.3588630 -0.4112446 0.9847555 -0.0051320 -0.0279168 -0.0079638 0.9995654
1598427509.296970 47.8599919 -0.4268758 1.0020394 -0.0055662 -0.0284395 0.0013961 0.9995790
1598427509.397726 48.3451078 -0.4289142 1.0114384 -0.0045309 -0.0279129 0.0058580 0.9995829
1598427509.497349 48.8321613 -0.4336556 1.0373676 -0.0043546 -0.0277852 0.0184556 0.9994340
1598427509.598126 49.2892629 -0.4155286 1.0566302 -0.0042319 -0.0281830 0.0250280 0.9992804
1598427509.698940 49.7948217 -0.4049919 1.0684126 -0.0039296 -0.0283043 0.0267727 0.9992330
1598427509.798567 50.2842578 -0.3895306 1.0815106 -0.0030806 -0.0282342 0.0248979 0.9992865
1598427509.896971 50.7734773 -0.3722238 1.0788592 -0.0036069 -0.0287610 0.0123158 0.9995039
1598427509.996532 51.2510542 -0.3589118 1.1088756 -0.0035147 -0.0296772 0.0108346 0.9994946
1598427510.096147 51.7256374 -0.3466359 1.1260559 -0.0050735 -0.0310405 0.0117506 0.9994362
1598427510.196902 52.1993054 -0.3439148 1.1569107 -0.0050917 -0.0317662 0.0081894 0.9994488
1598427510.296541 52.6309386 -0.3609291 1.1774055 -0.0050160 -0.0322129 0.0073453 0.9994415
1598427510.397335 53.0968192 -0.3327877 1.1842540 -0.0062671 -0.0320914 0.0100617 0.9994146
1598427510.498162 53.5096388 -0.3211984 1.2129382 -0.0058405 -0.0325384 0.0119573 0.9993819
1598427510.597775 53.9310326 -0.3176831 1.2283534 -0.0059920 -0.0324160 0.0124903 0.9993785
1598427510.698559 54.3609203 -0.3027746 1.2312244 -0.0071680 -0.0324950 0.0013343 0.9994453
1598427510.798124 54.8204961 -0.3102650 1.2459895 -0.0084362 -0.0329385 -0.0141705 0.9993213
1598427510.897750 55.2518082 -0.3248689 1.2744506 -0.0080696 -0.0332229 -0.0200970 0.9992133
1598427510.997365 55.7048730 -0.3547259 1.2923823 -0.0076862 -0.0332365 -0.0141517 0.9993178
1598427511.096952 56.1853399 -0.3802715 1.3056261 -0.0069745 -0.0330225 -0.0088629 0.9993910
1598427511.196535 56.6363843 -0.4139685 1.3358434 -0.0042324 -0.0317492 0.0085957 0.9994499
1598427511.297339 57.0574305 -0.3926269 1.3385991 -0.0088954 -0.0328847 0.0241943 0.9991267
1598427511.396973 57.4965485 -0.3790716 1.3501380 -0.0072089 -0.0325236 0.0209404 0.9992256
1598427511.497773 57.8974353 -0.3665160 1.3550529 -0.0076189 -0.0331742 0.0184964 0.9992494
1598427511.598508 58.3284739 -0.3425161 1.3945582 -0.0080399 -0.0338222 0.0126086 0.9993160
1598427511.698143 58.7481392 -0.3294165 1.4226146 -0.0087038 -0.0337373 -0.0008409 0.9993925
1598427511.797777 59.1650744 -0.3440396 1.4363037 -0.0078367 -0.0340033 -0.0190739 0.9992090
1598427511.897367 59.5946898 -0.3603065 1.4564818 -0.0080644 -0.0343335 -0.0251374 0.9990617
1598427511.996940 59.9842324 -0.3801680 1.4731403 -0.0078013 -0.0346782 -0.0286781 0.9989565
1598427512.096526 60.4055754 -0.3940359 1.4962857 -0.0088802 -0.0343729 -0.0320097 0.9988569
1598427512.196167 60.8424343 -0.4182042 1.5023030 -0.0099054 -0.0343339 -0.0264211 0.9990120
1598427512.296994 61.2143731 -0.4519080 1.5232376 -0.0095667 -0.0345181 -0.0177568 0.9992005
1598427512.396539 61.5882699 -0.4703090 1.5555413 -0.0098272 -0.0345945 -0.0175886 0.9991983
1598427512.497351 61.9700323 -0.4775244 1.5763614 -0.0095834 -0.0351633 -0.0270115 0.9989705
1598427512.598144 62.3532493 -0.5009561 1.5955279 -0.0109404 -0.0346885 -0.0374985 0.9986345
1598427512.697761 62.7228524 -0.5173915 1.6044605 -0.0113529 -0.0348124 -0.0401086 0.9985242
1598427512.797359 63.0961397 -0.5559067 1.6204210 -0.0107807 -0.0349903 -0.0376558 0.9986198
1598427512.896935 63.4691814 -0.6003371 1.6475098 -0.0102771 -0.0350033 -0.0268645 0.9989732
1598427512.996592 63.8352949 -0.6168011 1.6688093 -0.0114897 -0.0347797 -0.0118196 0.9992591
1598427513.096131 64.1537024 -0.6383075 1.6785507 -0.0107354 -0.0353403 -0.0022310 0.9993152
1598427513.195808 64.5133302 -0.6375468 1.7078930 -0.0122004 -0.0346519 0.0100794 0.9992741
1598427513.296572 64.8441562 -0.6294089 1.7169424 -0.0116721 -0.0352063 0.0180301 0.9991492
1598427513.397370 65.1863321 -0.6253725 1.7297289 -0.0114398 -0.0349959 0.0081979 0.9992884
1598427513.496951 65.5243986 -0.6265684 1.7437330 -0.0108877 -0.0349434 -0.0038116 0.9993227
1598427513.597775 65.8470875 -0.6221250 1.7634745 -0.0104946 -0.0351738 -0.0126867 0.9992456
1598427513.697348 66.1612199 -0.6323151 1.7937509 -0.0110641 -0.0353007 -0.0109628 0.9992554
1598427513.797043 66.7041615 -0.6355979 1.8119549 -0.0104696 -0.0358530 -0.0429087 0.9983806
1598427513.896590 67.0524856 -0.6865882 1.8226059 -0.0057245 -0.0362453 -0.2156579 0.9757793
1598427513.996142 67.3672534 -0.7554283 1.8539013 -0.0013940 -0.0364725 -0.3495759 0.9361968
1598427514.096912 67.8009009 -1.1128344 1.8786284 0.0050177 -0.0356409 -0.5500802 0.8343359
1598427514.196548 67.9241752 -1.4088634 1.9040325 0.0068588 -0.0358675 -0.6051391 0.7952818
1598427514.296140 68.0660994 -1.7940374 1.8944234 0.0078447 -0.0349002 -0.6539765 0.7556687
1598427514.396986 68.1259756 -2.1829643 1.9235028 0.0095478 -0.0339985 -0.6803181 0.7320658
1598427514.497748 68.1543664 -2.5835257 1.9396971 0.0098683 -0.0334252 -0.6914379 0.7215948
1598427514.597445 68.1835254 -2.9695995 1.9347414 0.0091196 -0.0327736 -0.6890111 0.7239520
1598427514.697013 68.1947230 -3.3645023 1.9358834 0.0091315 -0.0327071 -0.6834015 0.7292525
1598427514.797795 68.2194256 -3.7442457 1.9575029 0.0082367 -0.0335322 -0.6766639 0.7354820
1598427514.897357 68.2369926 -4.0786784 1.9602539 0.0068166 -0.0336622 -0.6678959 0.7434618
1598427514.996960 68.2769756 -4.4359708 1.9451994 0.0061843 -0.0336112 -0.6478870 0.7609695
1598427515.096547 68.3387784 -4.7707476 1.9545620 0.0049001 -0.0337141 -0.6123991 0.7898144
1598427515.196165 68.3950088 -5.0772136 1.9674598 0.0042240 -0.0349713 -0.5672905 0.8227640
1598427515.296963 68.5021897 -5.3591782 1.9875041 0.0028661 -0.0356338 -0.5174232 0.8549826
1598427515.397739 68.7960815 -5.8694531 2.0286381 -0.0001216 -0.0360381 -0.4313990 0.9014412
1598427515.497444 69.0162447 -6.1340453 2.0425402 -0.0015109 -0.0361885 -0.3786190 0.9248436
1598427515.598177 69.2437945 -6.3645384 2.0477040 -0.0041928 -0.0361292 -0.3113490 0.9495993
1598427515.697749 69.4980738 -6.5461120 2.0632518 -0.0072403 -0.0358184 -0.2334860 0.9716732
1598427515.797377 70.0281051 -6.7509025 2.1207281 -0.0132981 -0.0349837 -0.0513213 0.9979807
1598427515.896946 70.3443743 -6.7934929 2.1461352 -0.0141891 -0.0350184 0.0116347 0.9992182
1598427515.996569 70.6540566 -6.8245747 2.1534088 -0.0163693 -0.0337786 0.0591753 0.9975416
1598427516.096155 70.9826023 -6.8194609 2.1665204 -0.0155235 -0.0340790 0.0525442 0.9979162
1598427516.195757 71.3483621 -6.7699367 2.1920392 -0.0146795 -0.0347849 0.0370240 0.9986009
1598427516.296619 71.6976375 -6.7486446 2.1957588 -0.0140865 -0.0352427 0.0172353 0.9991309
1598427516.397342 72.0373162 -6.7141167 2.2138840 -0.0138417 -0.0357503 -0.0015245 0.9992637
1598427516.498191 72.3723178 -6.7263386 2.2414166 -0.0141872 -0.0359730 -0.0025328 0.9992488
1598427516.597756 72.9657445 -6.7189437 2.2749072 -0.0136645 -0.0362323 -0.0007815 0.9992497
1598427516.698566 73.2990445 -6.7223557 2.2899544 -0.0133527 -0.0365320 -0.0057988 0.9992264
1598427516.798182 73.6505381 -6.7337631 2.2960644 -0.0137986 -0.0365866 -0.0035628 0.9992289
1598427516.896560 74.0686000 -6.7440622 2.2960132 -0.0145846 -0.0364493 0.0130074 0.9991444
1598427516.996152 74.4431771 -6.7208527 2.3038827 -0.0162277 -0.0359149 0.0502786 0.9979573
1598427517.097050 74.8025855 -6.6883616 2.3393536 -0.0175703 -0.0353029 0.0917521 0.9950008
1598427517.196580 75.1990712 -6.6161762 2.3701576 -0.0185956 -0.0351533 0.1347450 0.9900819
1598427517.297394 75.5697229 -6.5315992 2.4024791 -0.0199111 -0.0344323 0.1778566 0.9832523
1598427517.396955 75.9742137 -6.3669621 2.4092924 -0.0218408 -0.0333272 0.2214017 0.9743683
1598427517.497781 76.3288835 -6.1993184 2.4128567 -0.0230639 -0.0329326 0.2543660 0.9662719
1598427517.597364 76.6895201 -5.9901840 2.4300254 -0.0235675 -0.0327097 0.2769314 0.9600436
1598427517.696991 77.0536418 -5.7997879 2.4368370 -0.0241187 -0.0323474 0.3101058 0.9498454
1598427517.796583 77.3718282 -5.5525987 2.4577776 -0.0252728 -0.0313467 0.3471330 0.9369511
1598427517.896250 77.7298409 -5.3071578 2.4737059 -0.0269148 -0.0317731 0.3865154 0.9213424
1598427517.996995 78.0138859 -5.0101395 2.4787605 -0.0279811 -0.0304014 0.4254199 0.9040524
1598427518.096550 78.2539539 -4.6973150 2.4877517 -0.0290182 -0.0293547 0.4634947 0.8851378
1598427518.197331 78.4980462 -4.3667605 2.4962446 -0.0298246 -0.0283931 0.4980244 0.8661848
1598427518.296983 78.7135073 -4.0095104 2.5045708 -0.0303872 -0.0277886 0.5249246 0.8501521
1598427518.397758 78.8858191 -3.6654997 2.5130229 -0.0309070 -0.0273417 0.5460407 0.8367417
1598427518.497368 79.0940181 -3.2641047 2.5120401 -0.0310133 -0.0272499 0.5537714 0.8316447
1598427518.596971 79.2785320 -2.8327177 2.5100288 -0.0312180 -0.0270471 0.5575256 0.8291316
1598427518.697778 79.4747983 -2.4175384 2.4960363 -0.0312943 -0.0263725 0.5606702 0.8270273
1598427518.797386 79.6166196 -2.0112152 2.4964112 -0.0315160 -0.0264076 0.5723922 0.8189484
1598427518.896986 79.7673868 -1.6327202 2.5006410 -0.0314495 -0.0260977 0.5854728 0.8096613
1598427518.996580 79.9026978 -1.2449638 2.4823202 -0.0317112 -0.0259660 0.5986411 0.7999681
1598427519.096185 80.0419237 -0.8489334 2.4855803 -0.0318293 -0.0256707 0.6089840 0.7921277
1598427519.196959 80.1514158 -0.3785825 2.4708464 -0.0324474 -0.0249676 0.6148428 0.7875862
1598427519.297791 80.2569253 0.0459866 2.4739087 -0.0319879 -0.0255597 0.6201423 0.7834201
1598427519.398659 80.3678362 0.4648773 2.4838368 -0.0319191 -0.0258434 0.6230566 0.7810978
1598427519.498227 80.4745357 0.8893402 2.4654971 -0.0318801 -0.0259770 0.6270407 0.7779002
1598427519.597731 80.5782634 1.3136469 2.4574589 -0.0312949 -0.0268091 0.6305467 0.7750567
1598427519.697329 80.6585663 1.7674448 2.4554966 -0.0316931 -0.0261476 0.6372491 0.7695619
1598427519.796970 80.7305466 2.1866854 2.4487919 -0.0316983 -0.0262575 0.6426754 0.7650321
1598427519.896556 80.8111557 2.6148825 2.4390240 -0.0318266 -0.0261411 0.6482376 0.7603235
1598427519.996140 80.8797157 3.0293248 2.4261122 -0.0318105 -0.0264248 0.6529643 0.7562588
1598427520.096955 80.9551778 3.4244926 2.4241597 -0.0314213 -0.0270005 0.6551281 0.7543811
1598427520.197773 81.0275340 3.8531546 2.4105785 -0.0315874 -0.0265430 0.6568418 0.7528988
1598427520.297421 81.0876979 4.2416952 2.4025704 -0.0313018 -0.0266946 0.6593360 0.7507221
1598427520.398172 81.1454453 4.6301455 2.3958701 -0.0312426 -0.0267078 0.6625676 0.7478735
1598427520.498960 81.1955983 5.0113963 2.3888847 -0.0310369 -0.0267532 0.6693320 0.7418326
1598427520.598575 81.2477288 5.3646166 2.3903019 -0.0308310 -0.0268602 0.6744970 0.7371443
1598427520.698186 81.2766327 5.7235900 2.3807934 -0.0311285 -0.0266826 0.6815482 0.7306238
1598427520.797763 81.3082939 6.1062230 2.3643770 -0.0315233 -0.0262226 0.6886466 0.7239369
1598427520.897365 81.3194477 6.4925690 2.3602948 -0.0315459 -0.0261036 0.6940427 0.7187685
1598427520.996963 81.3380840 6.8414563 2.3535032 -0.0313400 -0.0262660 0.6993650 0.7135940
1598427521.096567 81.3826049 7.2305351 2.3470078 -0.0309574 -0.0262037 0.7026853 0.7103438
1598427521.197332 81.3808672 7.5947702 2.3279694 -0.0309965 -0.0264510 0.7067533 0.7062856
1598427521.296955 81.3844924 7.9780297 2.3165340 -0.0312385 -0.0262694 0.7087487 0.7042794
1598427521.397774 81.3838594 8.3813436 2.3026675 -0.0308288 -0.0269156 0.7013495 0.7116418
1598427521.498547 81.4142054 8.7891658 2.2845363 -0.0302485 -0.0270158 0.6909829 0.7217325
1598427521.599363 81.4004139 9.2049316 2.2733659 -0.0298034 -0.0278080 0.6875915 0.7249527
1598427521.698966 81.4653774 9.6245006 2.2742212 -0.0293224 -0.0280368 0.6862603 0.7262237
1598427521.797399 81.4891173 9.9837469 2.2698257 -0.0287904 -0.0285057 0.6856370 0.7268153
1598427521.896974 81.4939820 10.4016415 2.2530833 -0.0295204 -0.0284287 0.6913732 0.7213345
1598427521.996588 81.5080156 10.8200527 2.2276473 -0.0302812 -0.0275085 0.6965141 0.7163759
1598427522.096155 81.4843175 11.1994250 2.2019087 -0.0303267 -0.0286607 0.6910088 0.7216410
1598427522.195748 81.5275857 11.6038335 2.2274537 -0.0283531 -0.0303890 0.6714096 0.7399201
1598427522.296537 81.5705231 12.0147672 2.2064239 -0.0281005 -0.0308905 0.6632083 0.7472690
1598427522.397364 81.6543606 12.4134810 2.1921708 -0.0276197 -0.0312590 0.6542258 0.7551481
1598427522.498174 81.7339853 12.8615490 2.1874121 -0.0275644 -0.0309694 0.6603856 0.7497813
1598427522.599047 81.7748835 13.2238835 2.1933586 -0.0278250 -0.0304436 0.6732600 0.7382547
1598427522.698640 81.8224892 13.6536926 2.1784328 -0.0277433 -0.0310502 0.6772455 0.7345779
1598427522.798168 81.8653666 14.0898463 2.1755768 -0.0277443 -0.0307419 0.6875684 0.7249378
1598427522.897791 81.8871846 14.5431263 2.1717304 -0.0280746 -0.0305484 0.7033452 0.7096366
1598427522.997402 81.9024622 15.0116587 2.1555903 -0.0287715 -0.0301944 0.7165769 0.6962601
1598427523.097007 81.8896088 15.4720573 2.1429964 -0.0287885 -0.0305052 0.7189154 0.6938308
1598427523.196556 81.8937855 15.8909739 2.1444147 -0.0283134 -0.0307940 0.7154393 0.6974215
1598427523.297361 81.8728303 16.3356207 2.1350666 -0.0277953 -0.0315477 0.7064915 0.7064715
1598427523.396972 81.8664293 16.7867700 2.1203038 -0.0275853 -0.0318110 0.7023172 0.7106178
1598427523.497842 81.8824488 17.2127446 2.1094572 -0.0271192 -0.0324318 0.6961799 0.7166215
1598427523.598606 81.9047323 17.6708777 2.1060241 -0.0267234 -0.0324527 0.6989582 0.7139259
1598427523.698179 81.9163742 18.1218700 2.1072206 -0.0272816 -0.0318765 0.7108184 0.7021231
1598427523.797806 81.9258024 18.5180778 2.1212016 -0.0269647 -0.0322792 0.7148763 0.6979848
1598427523.897370 81.9299576 18.9962498 2.1090973 -0.0265804 -0.0322706 0.7104513 0.7025034
1598427523.996986 81.9123305 19.4309856 2.1051256 -0.0259262 -0.0331960 0.7049245 0.7080306
1598427524.096573 81.9313391 19.8737449 2.0837679 -0.0257659 -0.0334247 0.6972466 0.7155879
1598427524.196208 81.9485576 20.3184152 2.0659122 -0.0256342 -0.0335286 0.6945917 0.7181651
1598427524.295830 81.9679188 20.7220603 2.0801224 -0.0251854 -0.0338642 0.6986160 0.7142511
1598427524.396606 81.9765509 21.1350379 2.0815921 -0.0252841 -0.0336714 0.7081582 0.7047971
1598427524.497371 82.0192526 21.5847130 2.0846227 -0.0249882 -0.0327971 0.7101334 0.7028588
1598427524.598175 82.0282733 22.0009584 2.0834032 -0.0245707 -0.0323513 0.7088282 0.7042104
1598427524.697809 82.0081659 22.4230713 2.0880739 -0.0235424 -0.0345908 0.7108591 0.7020887
1598427524.797368 82.0156071 22.7592167 2.1085361 -0.0230359 -0.0338235 0.7205305 0.6922146
1598427524.897004 81.9902264 23.2323529 2.0771041 -0.0245086 -0.0345666 0.7151031 0.6977335
1598427524.996602 81.9713695 23.6432107 2.0593804 -0.0238509 -0.0351968 0.7074813 0.7054520
1598427525.096265 81.9648700 24.0837056 2.0527315 -0.0234848 -0.0359052 0.7072723 0.7056381
1598427525.197002 81.9758791 24.5225761 2.0624573 -0.0237289 -0.0352751 0.7079874 0.7049443
1598427525.296586 81.9594047 24.9890000 2.0441863 -0.0236415 -0.0357588 0.7109299 0.7019552
1598427525.397379 81.9495144 25.4217870 2.0503877 -0.0236205 -0.0361974 0.7140932 0.6987151
1598427525.497006 81.9420284 25.8714343 2.0432058 -0.0232861 -0.0366244 0.7118745 0.7009644
1598427525.597769 81.9398655 26.3098637 2.0500522 -0.0227233 -0.0369763 0.7070558 0.7058247
1598427525.697343 81.9437925 26.7494979 2.0551998 -0.0227028 -0.0366216 0.7103847 0.7024934
1598427525.797047 81.9424062 27.1656899 2.0518927 -0.0226476 -0.0367266 0.7158180 0.6969525
1598427525.896674 81.9303846 27.5898268 2.0527299 -0.0226518 -0.0368269 0.7197424 0.6928937
1598427525.997377 81.9180565 28.0232558 2.0582327 -0.0224572 -0.0365574 0.7238050 0.6886694
1598427526.096993 81.9085670 28.4623951 2.0543034 -0.0223201 -0.0365765 0.7286713 0.6835219
1598427526.196603 81.8729052 28.9527087 2.0580664 -0.0225090 -0.0356769 0.7470405 0.6634388
1598427526.297389 81.8217066 29.3931678 2.0520738 -0.0236932 -0.0346219 0.7754648 0.6299955
1598427526.396967 81.6981614 29.8483522 2.0414548 -0.0250529 -0.0345543 0.7942475 0.6060934
1598427526.496538 81.5898318 30.2302608 2.0301856 -0.0255894 -0.0349545 0.8086139 0.5867427
1598427526.596183 81.4454050 30.6568617 2.0222124 -0.0263287 -0.0348496 0.8209887 0.5692714
1598427526.696999 81.2498914 31.0832054 1.9967120 -0.0276119 -0.0336982 0.8402185 0.5404950
1598427526.796572 81.1111596 31.4933268 1.9970074 -0.0277881 -0.0324503 0.8588266 0.5104819
1598427526.896188 80.9395447 31.8529892 1.9883762 -0.0263807 -0.0301706 0.8837353 0.4662679
1598427526.996975 80.6888238 32.2173337 1.9570253 -0.0129143 -0.0194247 0.9101756 0.4135653
1598427527.097754 80.5004779 32.4948929 1.9659744 -0.0093281 -0.0167345 0.9284883 0.3708671
1598427527.197371 80.2425173 32.7859747 1.9680368 0.0008488 -0.0128354 0.9299180 0.3675419
1598427527.296961 79.9955982 33.0463457 1.9483335 -0.0008095 -0.0114877 0.9340111 0.3570583
1598427527.397781 79.7522394 33.2418160 1.9791410 -0.0002121 -0.0123787 0.9343052 0.3562591
1598427527.497472 79.3324827 33.6203507 1.9937187 -0.0000985 -0.0141369 0.9346771 0.3552165
1598427527.597027 79.0745402 33.8024386 1.9915543 -0.0005375 -0.0146613 0.9351355 0.3539865
1598427527.696575 78.8407536 34.0408120 2.0013748 -0.0003842 -0.0139601 0.9386733 0.3445249
1598427527.796180 78.6064227 34.2374086 1.9913104 0.0008617 -0.0141837 0.9408440 0.3385420
1598427527.896991 78.3263696 34.4697054 1.9884676 -0.0003666 -0.0146028 0.9380789 0.3461136
1598427527.996574 78.0650913 34.7422923 1.9446325 -0.0115494 -0.0161479 0.9308824 0.3647792
1598427528.097411 77.7841032 34.9994088 1.9343948 -0.0124730 -0.0163964 0.9238989 0.3820817
1598427528.197004 77.5231336 35.2718580 1.9204609 -0.0142848 -0.0159661 0.9144872 0.4040472
1598427528.297856 77.2423285 35.5645615 1.9301587 -0.0136884 -0.0205820 0.8946868 0.4460096
1598427528.397425 77.0335941 35.8773026 1.9214675 -0.0111452 -0.0215204 0.8713779 0.4900134
1598427528.496986 76.8293129 36.2198093 1.8969881 -0.0106299 -0.0208249 0.8472246 0.5307200
1598427528.596587 76.6462773 36.5707889 1.8674939 -0.0152090 -0.0165575 0.8250094 0.5646717
1598427528.696177 76.5089246 36.9102780 1.8692254 -0.0165434 -0.0168978 0.8164880 0.5768780
1598427528.796978 76.3935483 37.2247839 1.8759900 -0.0153185 -0.0182145 0.8095102 0.5866232
1598427528.896582 76.2909889 37.5369281 1.8698465 -0.0146979 -0.0187698 0.7901683 0.6124260
1598427528.997431 76.1943688 37.8809929 1.8461217 -0.0179680 -0.0216517 0.7668229 0.6412418
1598427529.098260 76.1202791 38.2161640 1.8537266 -0.0156793 -0.0233175 0.7362625 0.6761124
1598427529.197780 76.0847648 38.5440228 1.8620196 -0.0148455 -0.0235034 0.7078686 0.7057969
1598427529.297401 76.0766955 38.9150452 1.8659995 -0.0146825 -0.0227505 0.6867234 0.7264144
1598427529.397024 76.0988302 39.2812336 1.8766242 -0.0133122 -0.0211551 0.6806334 0.7321977
1598427529.496547 76.1239088 39.6651281 1.8823471 -0.0134168 -0.0210199 0.6894575 0.7238968
1598427529.596184 76.1465161 40.0214295 1.8728601 -0.0129218 -0.0206628 0.6933591 0.7201800
1598427529.697005 76.1547638 40.3737942 1.8602675 -0.0129682 -0.0218193 0.6891445 0.7241792
1598427529.796589 76.1634908 40.7659767 1.8556600 -0.0156731 -0.0242985 0.6790831 0.7334917
1598427529.897425 76.1937247 41.1339454 1.8603952 -0.0182046 -0.0246695 0.6525940 0.7570872
1598427529.998156 76.2478985 41.4969244 1.8498712 -0.0180780 -0.0263782 0.6266440 0.7786493
1598427530.097797 76.3209265 41.8743407 1.8559223 -0.0169092 -0.0266531 0.6036134 0.7966521
1598427530.197411 76.4243151 42.2475359 1.8618189 -0.0170889 -0.0269054 0.5866257 0.8092307
1598427530.297000 76.5451648 42.6054834 1.8585508 -0.0159237 -0.0266748 0.5683993 0.8221661
1598427530.396611 76.6866711 42.9716484 1.8756411 -0.0144648 -0.0285967 0.5529289 0.8326120
1598427530.496185 76.8336277 43.3373066 1.8636308 -0.0141232 -0.0292414 0.5426352 0.8393405
1598427530.597013 77.0062776 43.7194682 1.8881253 -0.0103028 -0.0288567 0.5347486 0.8444555
1598427530.696663 77.1851950 44.0679689 1.8941071 -0.0092202 -0.0287028 0.5389635 0.8417895
1598427530.797390 77.3398625 44.4075367 1.9173448 -0.0064249 -0.0282539 0.5326648 0.8458301
1598427530.898164 77.5203804 44.7976130 1.9264038 -0.0087378 -0.0303739 0.5312202 0.8466441
1598427530.997828 77.6819909 45.1541708 1.9138761 -0.0127577 -0.0287319 0.5356596 0.8438486
1598427531.097383 77.8438178 45.5256791 1.9349571 -0.0120993 -0.0307622 0.5334313 0.8451972
1598427531.196969 78.0296260 45.8498935 1.9481999 -0.0101599 -0.0290055 0.5434224 0.8388967
1598427531.296601 78.1636107 46.1810926 1.9365332 -0.0089041 -0.0302439 0.5636988 0.8253785
1598427531.396167 78.2960809 46.5040603 1.9559718 -0.0083035 -0.0293854 0.5772469 0.8159985
1598427531.495818 78.4106353 46.8554432 1.9674574 -0.0097178 -0.0273720 0.5923002 0.8051936
1598427531.596600 78.5325096 47.2263362 1.9722277 -0.0105419 -0.0262911 0.6051838 0.7955817
1598427531.697362 78.6549454 47.6258597 1.9705250 -0.0108146 -0.0253393 0.6241142 0.7808473
1598427531.796993 78.7298405 48.0019663 1.9801771 -0.0121284 -0.0252931 0.6525275 0.7572457
1598427531.897817 78.7891410 48.3920491 1.9763626 -0.0114653 -0.0240479 0.6729791 0.7391815
1598427531.998599 78.8234197 48.8064115 1.9845646 -0.0127968 -0.0229602 0.6966848 0.7168957
1598427532.099377 78.8340114 49.2271861 1.9817239 -0.0131380 -0.0217751 0.7245388 0.6887647
1598427532.199077 78.8171493 49.6164574 1.9827352 -0.0136977 -0.0202417 0.7526072 0.6580160
1598427532.298680 78.7656863 49.9896603 1.9751006 -0.0132884 -0.0212378 0.7827811 0.6217927
1598427532.397005 78.6511787 50.3638393 1.9646394 -0.0149788 -0.0212985 0.8189894 0.5732176
1598427532.496599 78.5354353 50.7188745 1.9594908 -0.0154580 -0.0181538 0.8416543 0.5394900
1598427532.596191 78.3910155 51.0693060 1.9437119 -0.0148492 -0.0186888 0.8583514 0.5125067
1598427532.695760 78.2024537 51.4086998 1.9424751 -0.0147075 -0.0186787 0.8746490 0.4841735
1598427532.795390 78.0018722 51.7382981 1.9383453 -0.0143044 -0.0172473 0.8865399 0.4621092
1598427532.896192 77.7880983 52.0576003 1.9230177 -0.0147728 -0.0157660 0.8965401 0.4424354
1598427532.997006 77.5460688 52.3747118 1.9198064 -0.0151014 -0.0157396 0.9050307 0.4247866
1598427533.097826 77.2957407 52.7026653 1.9084293 -0.0151974 -0.0148404 0.9100513 0.4139511
1598427533.198630 77.0215421 53.0036952 1.8927406 -0.0149504 -0.0148653 0.9114865 0.4107894
1598427533.298203 76.7337132 53.3130312 1.8839501 -0.0147421 -0.0155089 0.9155414 0.4016543
1598427533.397791 76.4814010 53.5974910 1.8708195 -0.0143363 -0.0152232 0.9242716 0.3811622
1598427533.497404 76.2055559 53.8754377 1.8643638 -0.0144038 -0.0146249 0.9303511 0.3660948
1598427533.597016 75.9055704 54.1635121 1.8468497 -0.0144412 -0.0144901 0.9342460 0.3560421
1598427533.696590 75.6027452 54.4429518 1.8384930 -0.0143572 -0.0132903 0.9347960 0.3546458
1598427533.796324 75.2678880 54.7233970 1.8223860 -0.0139548 -0.0136986 0.9288616 0.3699106
1598427533.897093 74.9329067 55.0079747 1.8169742 -0.0138297 -0.0153855 0.9278611 0.3723517
1598427533.997807 74.6224417 55.3056023 1.7978656 -0.0139019 -0.0160867 0.9306399 0.3653182
1598427534.097407 74.2962362 55.6045324 1.7886831 -0.0149169 -0.0166647 0.9330832 0.3589646
1598427534.198218 73.9642224 55.8851951 1.7932779 -0.0157889 -0.0161377 0.9413410 0.3367007
1598427534.297769 73.6704535 56.1512849 1.7696749 -0.0157461 -0.0150905 0.9478742 0.3178976
1598427534.397430 73.3397593 56.4015942 1.7420508 -0.0166567 -0.0135698 0.9546718 0.2968842
1598427534.497004 72.9856903 56.6166088 1.7145755 -0.0190846 -0.0125628 0.9633159 0.2673956
1598427534.596622 72.6892557 56.8029671 1.6858823 -0.0184128 -0.0124462 0.9714301 0.2362828
1598427534.696201 72.3666528 56.9576900 1.6570738 -0.0186074 -0.0127476 0.9786780 0.2041586
1598427534.797051 72.0689018 57.1000640 1.6577735 -0.0207646 -0.0112662 0.9812871 0.1910958
1598427534.896591 71.5215879 57.3403701 1.6317658 -0.0205544 -0.0151588 0.9681174 0.2491916
1598427534.997410 71.2052979 57.5007437 1.5956905 -0.0196340 -0.0159556 0.9597485 0.2797189
1598427535.096995 70.8925008 57.6848658 1.5877496 -0.0191050 -0.0164467 0.9529901 0.3019510
1598427535.197878 70.5661996 57.9028739 1.5724198 -0.0190525 -0.0156671 0.9512240 0.3075133
1598427535.297394 70.2597839 58.1160010 1.5545248 -0.0190104 -0.0138903 0.9532052 0.3014060
1598427535.398238 69.9269235 58.3402746 1.5341707 -0.0197334 -0.0136374 0.9566750 0.2901683
1598427535.497842 69.5917934 58.5696679 1.5164047 -0.0196114 -0.0136282 0.9578312 0.2863374
1598427535.597414 69.2456587 58.8143588 1.4986630 -0.0198077 -0.0128145 0.9536313 0.3000513
1598427535.696968 68.9053859 59.0738874 1.4808573 -0.0191641 -0.0107862 0.9467929 0.3210914
1598427535.796598 68.5443775 59.3447178 1.4524150 -0.0216662 -0.0069637 0.9418348 0.3353046
1598427535.896225 68.1853466 59.6231646 1.4200931 -0.0236842 -0.0054591 0.9404700 0.3390064
1598427535.996997 67.8130368 59.9141378 1.4011239 -0.0232107 -0.0038984 0.9487736 0.3150788
1598427536.097777 67.4565875 60.1836220 1.3723001 -0.0234227 -0.0033351 0.9569807 0.2891856
1598427536.197396 67.0732570 60.4354314 1.3528762 -0.0213246 -0.0020094 0.9616879 0.2733086
1598427536.298203 66.6901505 60.6695375 1.3219492 -0.0190225 0.0030043 0.9696532 0.2437249
1598427536.397796 66.2995272 60.8844669 1.3072520 -0.0200066 0.0044075 0.9767746 0.2132880
1598427536.497411 65.9074925 61.0702733 1.2742118 -0.0211213 0.0052321 0.9808519 0.1935356
1598427536.597036 65.5040174 61.2326545 1.2539912 -0.0196349 0.0053749 0.9835215 0.1796415
1598427536.696612 65.1086970 61.3998565 1.2213226 -0.0193504 0.0086885 0.9838307 0.1778404
1598427536.796183 64.6849384 61.5446160 1.1988142 -0.0213367 0.0056140 0.9854457 0.1685527
1598427536.897001 64.2796406 61.6712357 1.1764336 -0.0218297 0.0058887 0.9893013 0.1441241
1598427536.996602 63.8648430 61.7841320 1.1529008 -0.0218055 0.0052861 0.9920467 0.1238543
1598427537.097396 63.4661181 61.8810490 1.1357481 -0.0177390 0.0042882 0.9926743 0.1194344
1598427537.198212 63.0318135 61.9769988 1.1051514 -0.0207295 0.0018096 0.9927548 0.1183425
1598427537.297809 62.6194714 62.0868592 1.0786822 -0.0201719 0.0038341 0.9924708 0.1207479
1598427537.397441 62.2109491 62.1852150 1.0568775 -0.0197903 0.0058502 0.9928659 0.1174371
1598427537.497026 61.7809423 62.2842226 1.0420842 -0.0185348 0.0036142 0.9936537 0.1108860
1598427537.596606 61.3542728 62.3634354 1.0157422 -0.0172327 0.0018798 0.9933500 0.1138209
1598427537.696216 60.9215745 62.4456475 0.9891954 -0.0189701 -0.0028960 0.9926344 0.1196193
1598427537.796984 60.4975738 62.5272301 0.9531567 -0.0200128 -0.0076332 0.9914025 0.1290825
1598427537.896695 60.0619088 62.6333834 0.9391421 -0.0193964 -0.0096125 0.9909151 0.1327356
1598427537.997424 59.6474450 62.7427643 0.9215262 -0.0196313 -0.0126435 0.9905993 0.1347878
1598427538.098199 59.2106808 62.8659295 0.8941842 -0.0193277 -0.0124000 0.9893766 0.1435501
1598427538.197983 58.8005771 62.9801464 0.8711018 -0.0150402 -0.0104434 0.9896033 0.1426535
1598427538.298615 58.3850724 63.0934931 0.8580729 -0.0161648 -0.0095091 0.9910990 0.1317994
1598427538.398206 57.9787647 63.1952096 0.8420474 -0.0165732 -0.0096540 0.9920767 0.1241607
1598427538.497780 57.5637403 63.3035321 0.8187480 -0.0166901 -0.0093469 0.9926841 0.1192154
1598427538.597391 57.1239059 63.3905007 0.8036819 -0.0174680 -0.0108189 0.9939653 0.1077537
1598427538.697043 56.6792601 63.4754313 0.7786608 -0.0180182 -0.0124121 0.9953254 0.0940668
1598427538.796651 56.2540657 63.5462507 0.7647395 -0.0153294 -0.0130860 0.9959792 0.0872875
1598427538.897433 55.7844517 63.6193368 0.7379001 -0.0158645 -0.0129743 0.9956300 0.0911094
1598427538.997008 55.3204739 63.7004512 0.7168514 -0.0165890 -0.0128278 0.9961338 0.0853090
1598427539.097790 54.8785875 63.7718306 0.6894699 -0.0161095 -0.0121189 0.9969429 0.0754886
1598427539.198610 54.4458159 63.8241433 0.6692992 -0.0163647 -0.0120042 0.9970118 0.0745351
1598427539.298203 53.9769311 63.8940263 0.6448673 -0.0178338 -0.0106269 0.9972931 0.0705374
1598427539.397843 53.5400707 63.9480190 0.6275414 -0.0162888 -0.0105814 0.9981000 0.0584737
1598427539.497456 53.0750952 63.9944133 0.6086695 -0.0175029 -0.0108308 0.9983420 0.0537549
1598427539.597021 52.6154924 64.0335390 0.5816060 -0.0166197 -0.0093153 0.9987002 0.0472752
1598427539.696612 52.1707281 64.0711253 0.5523231 -0.0180622 -0.0094359 0.9990272 0.0391077
1598427539.796208 51.7124152 64.0975691 0.5292994 -0.0178610 -0.0095695 0.9991939 0.0346555
1598427539.896985 51.2660100 64.1167787 0.5096063 -0.0175042 -0.0106064 0.9994221 0.0271387
1598427539.996648 50.8074597 64.1385624 0.4912336 -0.0171007 -0.0105976 0.9991579 0.0357605
1598427540.097447 50.3483987 64.1693549 0.4588949 -0.0157746 -0.0102446 0.9990026 0.0404982
1598427540.198239 49.8811260 64.1880463 0.4418377 -0.0165686 -0.0091113 0.9992900 0.0325881
1598427540.299091 49.4294995 64.1892580 0.4189122 -0.0167313 -0.0101677 0.9995434 0.0230137
1598427540.398624 48.9722162 64.2118786 0.3960637 -0.0164525 -0.0116664 0.9995591 0.0217882
1598427540.498240 48.5539827 64.2150519 0.3823916 -0.0162828 -0.0128663 0.9996465 0.0166195
1598427540.597845 48.1406598 64.2189629 0.3566252 -0.0168631 -0.0124463 0.9994479 0.0257810
1598427540.697412 47.7002730 64.2241675 0.3436850 -0.0171167 -0.0136100 0.9990322 0.0381626
1598427540.797009 47.2712351 64.2436113 0.3110542 -0.0156783 -0.0151058 0.9985740 0.0487446
1598427540.896592 46.8610659 64.2825164 0.2886084 -0.0155080 -0.0159662 0.9975978 0.0655986
1598427540.997456 46.4125042 64.3294279 0.2727063 -0.0168713 -0.0149951 0.9984946 0.0499899
1598427541.098232 46.0142819 64.3475863 0.2492981 -0.0163528 -0.0154544 0.9988109 0.0432485
1598427541.197817 45.5920242 64.3810949 0.2294660 -0.0149386 -0.0166756 0.9981932 0.0557596
1598427541.298611 45.1578784 64.4241400 0.2059237 -0.0151661 -0.0166807 0.9977999 0.0623466
1598427541.398207 44.7179618 64.4638530 0.1868099 -0.0160294 -0.0154198 0.9986806 0.0462848
1598427541.497819 44.2868583 64.4811337 0.1689400 -0.0163828 -0.0151851 0.9992992 0.0300339
1598427541.597440 43.8463428 64.5158042 0.1516105 -0.0177426 -0.0134274 0.9994170 0.0258955
1598427541.697048 43.4070943 64.5288004 0.1228524 -0.0177324 -0.0130889 0.9995676 0.0194617
1598427541.796599 42.9594499 64.5401424 0.1038760 -0.0171328 -0.0124702 0.9995838 0.0195738
1598427541.896253 42.5007025 64.5472390 0.0838522 -0.0189927 -0.0118676 0.9993278 0.0290236
1598427541.997023 42.0496096 64.5771821 0.0548867 -0.0183441 -0.0099556 0.9995385 0.0220700
1598427542.097808 41.6369942 64.5686361 0.0388388 -0.0163233 -0.0104046 0.9997477 0.0113933
1598427542.197390 41.1903770 64.5650141 0.0187329 -0.0183433 -0.0122320 0.9996291 0.0159880
1598427542.298248 40.7496310 64.5783933 0.0080207 -0.0200283 -0.0117885 0.9992750 0.0301552
1598427542.399001 40.3178561 64.5839742 -0.0270690 -0.0177922 -0.0121320 0.9992933 0.0308096
1598427542.498623 39.8901882 64.5895299 -0.0463189 -0.0174777 -0.0129517 0.9995491 0.0206964
1598427542.598249 39.4608165 64.5994897 -0.0756764 -0.0180159 -0.0122286 0.9995642 0.0199347
1598427542.696694 39.0005460 64.6099769 -0.0925260 -0.0179848 -0.0120823 0.9996280 0.0165629
1598427542.796203 38.5385902 64.6098947 -0.1184256 -0.0180884 -0.0121313 0.9997206 0.0091880
1598427542.897025 38.0773321 64.6068196 -0.1412671 -0.0178244 -0.0127330 0.9996919 0.0116696
1598427542.996627 37.6303680 64.6058954 -0.1671301 -0.0180670 -0.0118724 0.9996939 0.0120274
1598427543.097404 37.1365326 64.6031787 -0.1994596 -0.0186152 -0.0113642 0.9997170 0.0095050
1598427543.198223 36.6835060 64.5987797 -0.2210140 -0.0190774 -0.0121713 0.9996792 0.0113744
1598427543.297804 36.2010303 64.6030854 -0.2376612 -0.0158769 -0.0125276 0.9995741 0.0210358
1598427543.398630 35.7501093 64.6034409 -0.2594957 -0.0153923 -0.0110787 0.9995540 0.0230674
1598427543.498215 35.2933023 64.6190190 -0.2791914 -0.0163194 -0.0108616 0.9991607 0.0359663
1598427543.597855 34.8141831 64.6361072 -0.3087953 -0.0170407 -0.0119081 0.9992706 0.0320329
1598427543.697434 34.3640456 64.6349792 -0.3292626 -0.0161483 -0.0127126 0.9995391 0.0223446
1598427543.797002 33.9102261 64.6501899 -0.3535280 -0.0157523 -0.0116824 0.9996960 0.0149435
1598427543.896651 33.4610256 64.6635687 -0.3786047 -0.0180307 -0.0095006 0.9997490 0.0093020
1598427543.996233 33.0220427 64.6565430 -0.4043354 -0.0163044 -0.0088161 0.9997837 0.0094309
1598427544.097017 32.5681294 64.6420007 -0.4268916 -0.0173395 -0.0093370 0.9997873 0.0061266
1598427544.197833 32.1475567 64.6386323 -0.4480352 -0.0171371 -0.0096628 0.9997440 0.0111710
1598427544.298589 31.7086406 64.6296814 -0.4614676 -0.0154404 -0.0108689 0.9995081 0.0250387
1598427544.398192 31.2556778 64.6384797 -0.4870115 -0.0163800 -0.0111576 0.9995202 0.0238047
1598427544.497841 30.8218886 64.6543049 -0.5113543 -0.0165248 -0.0095598 0.9996483 0.0184071
1598427544.597401 30.3999625 64.6566551 -0.5271945 -0.0159191 -0.0095655 0.9996569 0.0184708
1598427544.697020 29.9620410 64.6608760 -0.5470183 -0.0157744 -0.0095598 0.9994933 0.0259403
1598427544.796587 29.5133299 64.6716460 -0.5711319 -0.0179402 -0.0095906 0.9995439 0.0223176
1598427544.896224 29.0676932 64.6794384 -0.5963911 -0.0173080 -0.0101631 0.9994289 0.0271864
1598427544.997025 28.6093772 64.6959040 -0.6118254 -0.0152633 -0.0095270 0.9994578 0.0275753
1598427545.096630 28.1405542 64.7000181 -0.6370601 -0.0175594 -0.0099639 0.9995415 0.0225655
1598427545.197425 27.6667814 64.7206215 -0.6652710 -0.0169677 -0.0085550 0.9995070 0.0249939
1598427545.298260 27.2193066 64.7267250 -0.6855947 -0.0151452 -0.0084253 0.9995460 0.0246463
1598427545.397849 26.7774890 64.7323851 -0.7003853 -0.0151240 -0.0091916 0.9994825 0.0268619
1598427545.497464 26.3309185 64.7462449 -0.7199229 -0.0160962 -0.0101502 0.9993547 0.0304652
1598427545.597047 25.8848717 64.7602213 -0.7456936 -0.0162880 -0.0095964 0.9992127 0.0348785
1598427545.696633 25.4498452 64.7848063 -0.7643844 -0.0175083 -0.0085953 0.9991563 0.0361416
1598427545.796237 25.0136936 64.8004419 -0.7860496 -0.0172045 -0.0090572 0.9993495 0.0303739
1598427545.895850 24.5636263 64.8123739 -0.8099442 -0.0158424 -0.0081534 0.9995014 0.0260661
1598427545.996633 24.1556804 64.8303322 -0.8286604 -0.0138388 -0.0068749 0.9996409 0.0218946
1598427546.097416 23.7182918 64.8341716 -0.8488667 -0.0151909 -0.0082905 0.9995122 0.0259960
1598427546.197066 23.2605700 64.8488793 -0.8746296 -0.0172887 -0.0086329 0.9994300 0.0276813
1598427546.297819 22.8362643 64.8562703 -0.8920323 -0.0195009 -0.0076693 0.9996280 0.0174553
1598427546.397419 22.3941622 64.8645591 -0.9111686 -0.0189193 -0.0063451 0.9997935 0.0038509
1598427546.498221 21.9625189 64.8546432 -0.9372863 0.0180012 0.0065207 -0.9998064 0.0045299
1598427546.597847 21.5103227 64.8316196 -0.9625736 0.0182127 0.0082884 -0.9997936 0.0035294
1598427546.697517 21.0680943 64.8206909 -0.9853884 0.0155736 0.0072122 -0.9998496 0.0024945
1598427546.797053 20.6109511 64.8026965 -0.9952311 0.0165379 0.0075672 -0.9997954 0.0088524
1598427546.896587 20.1845233 64.7970478 -1.0241320 0.0164703 0.0059924 -0.9997844 0.0111362
1598427546.996259 19.7801970 64.7640391 -1.0472989 0.0148698 0.0065819 -0.9997409 0.0159283
1598427547.097048 19.3849515 64.7350887 -1.0653429 0.0170740 0.0074284 -0.9996740 0.0174710
1598427547.197841 18.9735445 64.7147179 -1.0931776 0.0180121 0.0076437 -0.9997513 0.0106958
1598427547.297426 18.5495771 64.6880325 -1.1163048 0.0162752 0.0077084 -0.9997829 0.0104765
1598427547.397069 18.1113241 64.6646410 -1.1365865 0.0178679 0.0086043 -0.9997660 0.0086379
1598427547.496716 17.6781764 64.6356623 -1.1543470 0.0160619 0.0084178 -0.9998050 0.0078148
1598427547.597448 17.2405270 64.6270204 -1.1808673 0.0153932 0.0083937 -0.9998447 0.0018020
1598427547.697024 16.7887630 64.6100351 -1.2188180 -0.0172007 -0.0087761 0.9998135 0.0002265
1598427547.796641 16.3715596 64.5907485 -1.2346432 0.0177580 0.0096547 -0.9997906 0.0031904
1598427547.896189 15.9713761 64.5727712 -1.2534106 0.0174256 0.0098113 -0.9997999 0.0005448
1598427547.996994 15.5644534 64.5745356 -1.2566772 -0.0184638 -0.0089295 0.9997887 0.0013582
1598427548.097827 15.1635298 64.5590384 -1.2928417 0.0172415 0.0090139 -0.9998055 0.0032339
1598427548.197449 14.8022632 64.5436565 -1.3008255 0.0153314 0.0086560 -0.9998288 0.0056967
1598427548.297116 14.3948019 64.5250440 -1.3176945 0.0159740 0.0085021 -0.9998162 0.0063272
1598427548.397826 13.9937761 64.5043132 -1.3323586 0.0164492 0.0081867 -0.9998194 0.0048630
1598427548.497420 13.5862735 64.4886395 -1.3511496 -0.0167707 -0.0080031 0.9998271 0.0006951
1598427548.597038 13.1575694 64.4763539 -1.3795163 -0.0180720 -0.0086458 0.9997971 0.0020869
1598427548.696627 12.7658134 64.4759896 -1.3915601 -0.0172281 -0.0082310 0.9997596 0.0107777
1598427548.797427 12.3260123 64.4734722 -1.4183774 -0.0166059 -0.0074540 0.9997084 0.0158650
1598427548.897040 11.8934923 64.4616565 -1.4396529 -0.0169375 -0.0080722 0.9997256 0.0140209
1598427548.996732 11.4596027 64.4614345 -1.4634213 -0.0171812 -0.0083487 0.9997612 0.0106166
1598427549.097517 11.0382542 64.4616990 -1.4872260 -0.0163524 -0.0078530 0.9998068 0.0075731
1598427549.197029 10.6178789 64.4564336 -1.5102762 -0.0155384 -0.0078778 0.9998387 0.0043705
1598427549.297841 10.2076223 64.4498080 -1.5287129 -0.0161511 -0.0080008 0.9998297 0.0039554
1598427549.397475 9.7869479 64.4419987 -1.5452246 -0.0174095 -0.0071253 0.9998108 0.0049502
1598427549.497022 9.3862533 64.4278724 -1.5626228 -0.0163751 -0.0072072 0.9998263 0.0052171
1598427549.596644 8.9673727 64.4259361 -1.5854540 -0.0166237 -0.0071951 0.9998248 0.0047243
1598427549.697406 8.5657266 64.4104078 -1.6052632 0.0165976 0.0070726 -0.9998372 0.0004004
1598427549.796997 8.1565030 64.3977109 -1.6266512 -0.0149196 -0.0079365 0.9998570 0.0006618
1598427549.896727 7.7215094 64.3984835 -1.6492442 -0.0145958 -0.0074846 0.9998485 0.0058176
1598427549.997417 7.2769757 64.3977562 -1.6679197 -0.0156983 -0.0069041 0.9998177 0.0083954
1598427550.097033 6.8484112 64.3848951 -1.6985293 -0.0153983 -0.0069620 0.9998142 0.0092750
1598427550.197871 6.4205851 64.3736863 -1.7216897 -0.0153020 -0.0062111 0.9998078 0.0105686
1598427550.297455 5.9934583 64.3803091 -1.7431737 -0.0155880 -0.0051561 0.9998130 0.0102148
1598427550.397036 5.5789434 64.3733303 -1.7513292 -0.0156707 -0.0049607 0.9998552 0.0043944
1598427550.496629 5.1601299 64.3550736 -1.7664753 0.0146700 0.0055153 -0.9998762 0.0014103
1598427550.597452 4.7603250 64.3526011 -1.7855549 0.0109072 0.0055712 -0.9998888 0.0085078
1598427550.697013 4.3396955 64.3409113 -1.8137777 0.0128339 0.0044387 -0.9995903 0.0251958
1598427550.797852 3.9312479 64.2904967 -1.8399891 0.0156019 0.0038519 -0.9988950 0.0441658
1598427550.897457 3.5285695 64.2495094 -1.8536643 0.0157474 0.0025739 -0.9978778 0.0631289
1598427550.998240 3.1232329 64.1807594 -1.8738352 0.0152522 0.0027992 -0.9957504 0.0907782
1598427551.097831 2.6858847 64.0720420 -1.8979075 0.0158622 0.0020723 -0.9913920 0.1299459
1598427551.197453 2.3071167 63.9648254 -1.9079959 0.0133098 0.0020543 -0.9871388 0.1592971
1598427551.297022 1.8928706 63.8269871 -1.9272281 0.0143248 0.0011331 -0.9840510 0.1773050
1598427551.396654 1.4745200 63.6673980 -1.9400503 0.0143830 0.0005472 -0.9812802 0.1920471
1598427551.496317 1.0644206 63.4899046 -1.9591566 0.0147683 -0.0007378 -0.9743604 0.2245067
1598427551.597103 0.6792114 63.2861036 -1.9842813 0.0169115 -0.0023714 -0.9640382 0.2652145
1598427551.696661 0.3469889 63.0731153 -1.9907297 0.0149999 -0.0031727 -0.9520185 0.3056560
1598427551.797478 -0.0091751 62.8473515 -2.0264511 0.0083989 -0.0205916 -0.9392252 0.3425806
1598427551.898230 -0.2553269 62.6086907 -2.0079533 0.0033938 -0.0219873 -0.9084282 0.4174484
1598427551.997813 -0.5222586 62.3327348 -2.0140982 0.0075298 -0.0276336 -0.8823144 0.4697883
1598427552.097422 -0.7249276 61.9458311 -2.0288339 0.0072513 -0.0237850 -0.8556129 0.5170187
1598427552.197080 -0.9429880 61.5532863 -2.0109030 0.0053696 -0.0265916 -0.8197062 0.5721415
1598427552.296708 -1.0635488 61.1593128 -2.0003995 0.0042919 -0.0281639 -0.7796322 0.6255894
1598427552.396232 -1.1734357 60.7805425 -2.0020608 0.0025576 -0.0295883 -0.7433029 0.6682954
1598427552.497042 -1.1969918 60.3766983 -1.9941992 0.0023614 -0.0285975 -0.7124352 0.7011510
1598427552.596634 -1.2109082 59.9548755 -1.9854865 0.0021708 -0.0268413 -0.6924904 0.7209243
1598427552.697478 -1.1924029 59.5717792 -1.9787018 0.0021244 -0.0273865 -0.6921011 0.7212777
1598427552.797046 -1.1713498 59.1370434 -1.9868385 0.0020725 -0.0276601 -0.6976861 0.7158664
1598427552.897940 -1.1461383 58.7226686 -1.9755446 0.0019532 -0.0269828 -0.7078263 0.7058683
1598427552.997448 -1.1245130 58.2556653 -1.9544873 0.0018946 -0.0266592 -0.7189616 0.6945358
1598427553.097071 -1.1244550 57.8213143 -1.9462480 0.0015249 -0.0269477 -0.7190325 0.6944521
1598427553.196662 -1.1307716 57.3746753 -1.9252966 0.0014731 -0.0259840 -0.7200084 0.6934771
1598427553.296247 -1.1425332 56.9488773 -1.9290498 0.0021835 -0.0261816 -0.7262960 0.6868799
1598427553.395848 -1.1550164 56.5291465 -1.9311117 0.0022377 -0.0263166 -0.7327832 0.6799494
1598427553.496640 -1.1667269 56.0755952 -1.9263692 0.0028378 -0.0250041 -0.7292431 0.6837918
1598427553.596207 -1.1774981 55.6715720 -1.9290633 0.0023687 -0.0254514 -0.7251175 0.6881506
1598427553.697191 -1.2078568 55.2586130 -1.9115491 0.0008337 -0.0263110 -0.7372187 0.6751412
1598427553.797825 -1.2347386 54.7950020 -1.9087666 0.0028409 -0.0256752 -0.7472633 0.6640258
1598427553.897462 -1.2788255 54.3446857 -1.9035648 0.0025890 -0.0270133 -0.7487575 0.6622883
1598427553.998227 -1.3361392 53.8745033 -1.9030953 0.0040431 -0.0285891 -0.7438306 0.6677442
1598427554.096616 -1.3621015 53.3515651 -1.9093940 0.0028799 -0.0277876 -0.7341003 0.6784662
1598427554.196240 -1.4054305 52.8746729 -1.8989337 0.0017748 -0.0289698 -0.7289493 0.6839521
1598427554.295881 -1.3931612 52.4014402 -1.9030734 0.0016432 -0.0272438 -0.7189429 0.6945331
1598427554.396640 -1.4091340 51.9110840 -1.8687359 0.0006742 -0.0264676 -0.7236399 0.6896698
1598427554.496254 -1.4219999 51.4437308 -1.8681225 0.0008414 -0.0260087 -0.7267961 0.6863601
1598427554.597046 -1.4275799 50.9716237 -1.8520381 0.0002522 -0.0269886 -0.7305054 0.6823733
1598427554.697936 -1.4527976 50.4990809 -1.8459990 0.0002578 -0.0276738 -0.7303086 0.6825565
1598427554.797431 -1.4717804 50.0521402 -1.8407761 0.0001232 -0.0281902 -0.7274482 0.6855833
1598427554.898245 -1.4861950 49.5467474 -1.8370813 0.0008687 -0.0276589 -0.7254534 0.6877148
1598427554.997818 -1.5010496 49.0724475 -1.8205809 0.0008426 -0.0280509 -0.7235761 0.6896739
1598427555.097414 -1.5089143 48.5973225 -1.8198494 0.0005639 -0.0274533 -0.7211189 0.6922670
1598427555.197017 -1.5210496 48.1237081 -1.8125293 0.0005091 -0.0285136 -0.7192902 0.6941242
1598427555.296655 -1.5280489 47.6558320 -1.8079580 0.0011076 -0.0290492 -0.7175320 0.6959186
1598427555.396280 -1.5383750 47.1858408 -1.7916815 0.0020703 -0.0290143 -0.7244419 0.6887219
1598427555.495913 -1.5546427 46.7213065 -1.8076843 0.0030551 -0.0294351 -0.7331418 0.6794317
1598427555.596682 -1.5833430 46.2466183 -1.7952193 0.0026429 -0.0292625 -0.7309841 0.6817617
1598427555.697479 -1.5924224 45.8015863 -1.7811965 0.0027786 -0.0304026 -0.7255138 0.6875302
1598427555.797060 -1.5999538 45.3417916 -1.7724956 0.0019772 -0.0301395 -0.7188110 0.6945491
1598427555.897829 -1.6025164 44.8773159 -1.7575215 0.0016355 -0.0303743 -0.7155874 0.6978606
1598427555.997419 -1.6073876 44.3814320 -1.7553248 0.0003200 -0.0288922 -0.7159747 0.6975280
1598427556.097050 -1.6107451 43.8855184 -1.7333712 0.0001035 -0.0291097 -0.7113702 0.7022144
1598427556.196651 -1.5937358 43.4230920 -1.7380396 -0.0008154 -0.0295031 -0.7088811 0.7047103
1598427556.296224 -1.5996116 42.9207203 -1.7185719 -0.0010052 -0.0303324 -0.7102178 0.7033276
1598427556.395846 -1.5681926 42.4804429 -1.7023215 -0.0009882 -0.0304261 -0.7100208 0.7035224
1598427556.496617 -1.5744449 42.0371838 -1.6950155 -0.0008519 -0.0301466 -0.7179010 0.6954917
1598427556.597445 -1.5703242 41.5649063 -1.6901637 -0.0011685 -0.0293664 -0.7245684 0.6885760
1598427556.697055 -1.5839774 41.0698131 -1.6862007 -0.0033376 -0.0258326 -0.7314818 0.6813633
1598427556.797847 -1.5932094 40.6275665 -1.6799664 -0.0035554 -0.0256494 -0.7365643 0.6758717
1598427556.897461 -1.6256857 40.1528952 -1.6585785 -0.0039458 -0.0268120 -0.7384491 0.6737644
1598427556.997086 -1.6567585 39.6896655 -1.6426824 -0.0036504 -0.0274132 -0.7367510 0.6755984
1598427557.096692 -1.6810197 39.2203433 -1.6430818 -0.0044082 -0.0269427 -0.7378106 0.6744555
1598427557.196258 -1.6971978 38.7738091 -1.6133351 -0.0043771 -0.0274803 -0.7433863 0.6682832
1598427557.295816 -1.7299036 38.3003018 -1.6027725 -0.0063877 -0.0258217 -0.7426961 0.6691001
1598427557.396656 -1.7525328 37.8577972 -1.5841538 -0.0088130 -0.0231146 -0.7401618 0.6719736
1598427557.497486 -1.7862625 37.3907784 -1.5787119 -0.0099644 -0.0221215 -0.7431545 0.6686798
1598427557.597083 -1.8149506 36.9379449 -1.5606475 -0.0105487 -0.0224858 -0.7349473 0.6776692
1598427557.697851 -1.8276828 36.4974169 -1.5508975 -0.0104364 -0.0231133 -0.7261132 0.6871073
1598427557.797443 -1.8407194 36.0296021 -1.5418751 -0.0102921 -0.0237662 -0.7303813 0.6825484
1598427557.897061 -1.8706734 35.5692260 -1.5183976 -0.0091619 -0.0256210 -0.7288038 0.6841818
1598427557.996693 -1.8857495 35.1124931 -1.5007409 -0.0087528 -0.0274326 -0.7214474 0.6918703
1598427558.096258 -1.8946565 34.6627371 -1.4820022 -0.0075972 -0.0288044 -0.7189659 0.6944067
1598427558.197043 -1.8913555 34.2621275 -1.4683529 -0.0073130 -0.0312276 -0.7141138 0.6992946
1598427558.296666 -1.8938453 33.7966069 -1.4588188 -0.0071579 -0.0306767 -0.7176054 0.6957372
1598427558.396255 -1.8926990 33.3287437 -1.4428469 -0.0062302 -0.0300549 -0.7212950 0.6919476
1598427558.497036 -1.8952475 32.9018493 -1.4306918 -0.0056635 -0.0312725 -0.7207087 0.6925092
1598427558.597845 -1.8960607 32.4249045 -1.4073162 -0.0052857 -0.0314035 -0.7229677 0.6901475
1598427558.697488 -1.9064504 31.9446505 -1.3961314 -0.0046526 -0.0321212 -0.7293881 0.6833298
1598427558.797060 -1.9240894 31.4717579 -1.3766205 -0.0054876 -0.0323843 -0.7254215 0.6875207
1598427558.896665 -1.9378514 30.9863534 -1.3637950 -0.0052628 -0.0324863 -0.7221265 0.6909778
1598427558.996275 -1.9432190 30.5440936 -1.3474090 -0.0055415 -0.0328284 -0.7183493 0.6948855
1598427559.097031 -1.9399929 30.0865797 -1.3275732 -0.0055742 -0.0331051 -0.7155504 0.6977540
1598427559.196630 -1.9357979 29.6040441 -1.3116877 -0.0064142 -0.0319915 -0.7137431 0.6996472
1598427559.296268 -1.9312642 29.1897327 -1.2962790 -0.0067683 -0.0324029 -0.7159798 0.6973358
1598427559.397076 -1.9318789 28.7105774 -1.2717823 -0.0064235 -0.0324616 -0.7188909 0.6943348
1598427559.497867 -1.9397158 28.2140156 -1.2515625 -0.0049406 -0.0321051 -0.7280170 0.6847891
1598427559.597446 -1.9521868 27.7487300 -1.2372848 -0.0050092 -0.0330028 -0.7323178 0.6801444
1598427559.697049 -1.9662977 27.2397803 -1.2176259 -0.0023057 -0.0271732 -0.7343400 0.6782338
1598427559.797845 -1.9931383 26.7741399 -1.2078528 -0.0050600 -0.0332957 -0.7408269 0.6708512
1598427559.897432 -2.0172589 26.3057136 -1.1789808 -0.0063377 -0.0325021 -0.7365578 0.6755635
1598427559.997050 -2.0474369 25.8528112 -1.1665512 -0.0061738 -0.0328900 -0.7369958 0.6750684
1598427560.096653 -2.0658229 25.3957287 -1.1439719 -0.0061698 -0.0319498 -0.7418727 0.6697508
1598427560.196271 -2.1035557 24.9560565 -1.1278178 -0.0066170 -0.0315694 -0.7468513 0.6642084
1598427560.297070 -2.1322931 24.5155500 -1.1117106 -0.0073812 -0.0297358 -0.7501355 0.6605740
1598427560.397830 -2.1777293 24.0407348 -1.0964040 -0.0070450 -0.0295089 -0.7542118 0.6559299
1598427560.497478 -2.2206786 23.5295068 -1.0810230 -0.0072765 -0.0284104 -0.7534341 0.6568691
1598427560.598286 -2.2646147 23.0456397 -1.0534079 -0.0076198 -0.0294803 -0.7540934 0.6560610
1598427560.697864 -2.3180607 22.5701566 -1.0466244 -0.0083208 -0.0301261 -0.7528578 0.6574407
1598427560.797425 -2.3699142 22.0873034 -1.0296222 -0.0087450 -0.0291733 -0.7490923 0.6617652
1598427560.897059 -2.4208233 21.6027978 -1.0146915 -0.0080881 -0.0302722 -0.7498629 0.6608508
1598427560.996655 -2.4741231 21.1246162 -0.9727581 -0.0076751 -0.0292927 -0.7365287 0.6757281
1598427561.096299 -2.4713472 20.6591875 -0.9672007 -0.0084434 -0.0284689 -0.7190128 0.6943622
1598427561.197043 -2.4920650 20.2045557 -0.9537994 -0.0090965 -0.0302467 -0.7181617 0.6951591
1598427561.297827 -2.4902236 19.7423981 -0.9344364 -0.0064544 -0.0309499 -0.7232181 0.6898956
1598427561.397433 -2.4811753 19.3126356 -0.9275011 -0.0079620 -0.0294048 -0.7282168 0.6846694
1598427561.498243 -2.4874955 18.8643890 -0.8934465 -0.0089979 -0.0268302 -0.7398357 0.6721921
1598427561.597857 -2.5205455 18.4311287 -0.8811885 -0.0091105 -0.0285491 -0.7604996 0.6486465
1598427561.697460 -2.5777990 17.9795945 -0.8711662 -0.0088735 -0.0277150 -0.7663112 0.6418101
1598427561.797079 -2.6429320 17.5187562 -0.8459178 -0.0096020 -0.0289453 -0.7577326 0.6518522
1598427561.896721 -2.7078806 17.0240721 -0.8386940 -0.0086993 -0.0296936 -0.7504510 0.6602014
1598427561.996329 -2.7414563 16.5640002 -0.8256525 -0.0092767 -0.0301182 -0.7414591 0.6702576
1598427562.097028 -2.7905576 16.0836329 -0.7953275 -0.0068516 -0.0303866 -0.7403912 0.6714541
1598427562.196666 -2.8244541 15.6280983 -0.7846319 -0.0055709 -0.0315297 -0.7456767 0.6655383
1598427562.297459 -2.8541396 15.1575466 -0.7617850 -0.0060496 -0.0318563 -0.7498076 0.6608609
1598427562.397058 -2.8932407 14.6984682 -0.7438501 -0.0058033 -0.0301060 -0.7499144 0.6608240
1598427562.497903 -2.9421474 14.2237120 -0.7240890 -0.0062955 -0.0287370 -0.7494387 0.6614198
1598427562.597516 -2.9648591 13.7519754 -0.7084069 -0.0064536 -0.0283146 -0.7459097 0.6654136
1598427562.698312 -3.0126794 13.2599500 -0.6898091 -0.0087584 -0.0293846 -0.7480254 0.6629614
1598427562.797837 -3.0536910 12.7786090 -0.6834290 -0.0078102 -0.0286145 -0.7477485 0.6633193
1598427562.897433 -3.0999509 12.2848641 -0.6688661 -0.0063349 -0.0282823 -0.7477512 0.6633462
1598427562.997033 -3.1341316 11.8256098 -0.6529866 -0.0071980 -0.0283824 -0.7494290 0.6614369
1598427563.096655 -3.1901907 11.3443235 -0.6284655 -0.0071517 -0.0289908 -0.7501231 0.6606238
1598427563.196226 -3.2400103 10.8675660 -0.6059255 -0.0072911 -0.0296692 -0.7506006 0.6600495
1598427563.297033 -3.2724692 10.3892145 -0.5961171 -0.0076889 -0.0293575 -0.7484768 0.6624662
1598427563.397916 -3.3091875 9.9121177 -0.5794572 -0.0083176 -0.0291306 -0.7443694 0.6670806
1598427563.498724 -3.3494758 9.4362885 -0.5647141 -0.0083748 -0.0291364 -0.7445667 0.6668593
1598427563.598229 -3.3912650 8.9584572 -0.5423931 -0.0078067 -0.0291360 -0.7415064 0.6702674
1598427563.698038 -3.4163860 8.5047834 -0.5194375 -0.0094072 -0.0293148 -0.7345430 0.6778634
1598427563.797462 -3.4384983 8.0380693 -0.5029794 -0.0089108 -0.0288445 -0.7403192 0.6715773
1598427563.897116 -3.4647299 7.5532444 -0.4798236 -0.0091938 -0.0287609 -0.7404145 0.6714720
1598427563.996691 -3.5124351 7.0894338 -0.4728522 -0.0080313 -0.0292744 -0.7396013 0.6723603
1598427564.096292 -3.5295186 6.6203869 -0.4573110 -0.0087740 -0.0298709 -0.7322781 0.6802937
1598427564.197064 -3.5384248 6.1426636 -0.4339440 -0.0099284 -0.0293209 -0.7202584 0.6930148
1598427564.296697 -3.5396181 5.6659695 -0.4169175 -0.0102907 -0.0286835 -0.7042158 0.7093317
1598427564.397480 -3.5317404 5.2195935 -0.3851302 -0.0110245 -0.0289088 -0.6943526 0.7189696
1598427564.498252 -3.5076743 4.7535828 -0.3785674 -0.0112577 -0.0291095 -0.6939093 0.7193857
1598427564.599082 -3.4832673 4.2979952 -0.3461904 -0.0109941 -0.0291978 -0.6994799 0.7139710
1598427564.698693 -3.4544411 3.8429249 -0.3351007 -0.0114385 -0.0300049 -0.7014908 0.7119547
1598427564.798287 -3.4153204 3.3771099 -0.3150464 -0.0114612 -0.0296610 -0.6887413 0.7243096
1598427564.897831 -3.3762120 2.9332954 -0.3025417 -0.0124116 -0.0299392 -0.6649436 0.7461901
1598427564.997518 -3.3048241 2.5182122 -0.2902348 -0.0143451 -0.0296652 -0.6153046 0.7876004
1598427565.095904 -3.1856715 2.0903352 -0.2691812 -0.0161466 -0.0286674 -0.5509579 0.8338842
1598427565.196677 -2.9926183 1.7068057 -0.2537194 -0.0178415 -0.0279336 -0.4875424 0.8724700
1598427565.296259 -2.7683370 1.3647523 -0.2632426 -0.0194512 -0.0274196 -0.4150942 0.9091571
1598427565.397089 -2.4893406 1.0879896 -0.2421997 -0.0211828 -0.0266109 -0.3396104 0.9399510
1598427565.497880 -2.1747654 0.7944188 -0.2225044 -0.0218749 -0.0258132 -0.2789260 0.9597164
1598427565.598683 -1.7920998 0.5953173 -0.1855810 -0.0231492 -0.0247592 -0.2215287 0.9745646
1598427565.698279 -1.4506744 0.4403710 -0.1770149 -0.0240468 -0.0244894 -0.1634285 0.9859580
1598427565.799106 -1.0861297 0.3248382 -0.1684086 -0.0243630 -0.0250547 -0.1206368 0.9920814
1598427565.897501 -0.6705366 0.2478323 -0.1320105 -0.0250072 -0.0246081 -0.0843946 0.9958146
1598427565.997056 -0.2846323 0.1884427 -0.1274823 -0.0250567 -0.0255261 -0.0560246 0.9977885
1598427566.096676 0.1443708 0.1490776 -0.0996778 -0.0253399 -0.0253016 -0.0353968 0.9987316
1598427566.196291 0.5408583 0.1201807 -0.0623678 -0.0252121 -0.0248439 -0.0317976 0.9988674
1598427566.297091 0.9334593 0.1016829 -0.0613521 -0.0249844 -0.0258506 -0.0372661 0.9986585
1598427566.396662 1.3302462 0.0923955 -0.0561759 -0.0251896 -0.0265876 -0.0350312 0.9987149
1598427566.497435 1.6796603 0.0845416 -0.0418879 -0.0257661 -0.0269035 -0.0285918 0.9988968
1598427566.598269 2.0957747 0.0915714 -0.0185450 -0.0270051 -0.0256795 -0.0098427 0.9992569
